4
342021
0
0
erase 42,135198,163328,219585,228864,262658,294400,328194,359936,360962,392704,393730,425472,426498,458240,459266,491008,492034,523776,524802,556544,557570,589312,590338,622080,623106,654848,655874,687616,688642,720384,721410,753152,754178,785920,786946,818688,852482,884224,918018,949760,950786,983040
new 2,0,1024
new 2,1024,2048
new 2,2048,3072
new 2,3072,4096
new 2,4096,5120
new 2,5120,6144
new 2,6144,7168
new 2,7168,8192
new 2,8192,9216
new 2,9216,10240
new 2,10240,11264
new 2,11264,12288
new 2,12288,13312
new 2,13312,14336
new 2,14336,15360
new 26,15360,16115,16116,16118,16119,16120,16121,16122,16123,16124,16125,16126,16127,16128,16129,16130,16131,16138,16139,16140,16141,16151,16152,16153,16154,16396
new 26,16396,16957,16958,16959,16960,16961,16962,16963,16964,17029,17030,17031,17032,17033,17034,17035,17036,17040,17041,17042,17043,17048,17049,17050,17051,17432
new 18,17432,17681,17682,17683,17684,17702,17703,17704,17705,17797,17798,17799,17800,17802,17803,17804,17805,18464
new 18,18464,18764,18765,18766,18767,18801,18802,18803,18804,18863,18864,18865,18866,18915,18916,18917,18918,19496
new 2,19496,20520
new 36,20520,20600,20601,20602,20603,20701,20702,20703,20704,21069,21070,21071,21072,21074,21075,21076,21077,21082,21083,21084,21085,21394,21395,21396,21397,21425,21426,21427,21428,21429,21430,21431,21432,21433,21434,21561
new 40,21561,21704,21705,21706,21707,22266,22267,22268,22269,22271,22272,22273,22274,22275,22276,22277,22278,22399,22400,22401,22402,22408,22409,22410,22411,22412,22413,22414,22415,22423,22424,22425,22426,22598,22599,22600,22601,22602,22603,22604
new 50,22605,22623,22624,22625,22626,22633,22634,22635,22636,22677,22678,22679,22680,22830,22831,22832,22833,22834,22835,22836,22837,22839,22840,22841,22842,22849,22850,22851,22852,22858,22859,22860,22861,22864,22865,22866,22867,23521,23522,23523,23524,23528,23529,23530,23531,23534,23535,23536,23537,23653
new 2,23653,24677
new 60,24677,25407,25408,25409,25410,25412,25413,25414,25415,25416,25417,25418,25419,25424,25425,25433,25434,25440,25441,25447,25448,25460,25461,25467,25468,25472,25473,25474,25475,25488,25489,25499,25500,25508,25509,25513,25514,25517,25518,25519,25520,25523,25524,25527,25528,25532,25533,25547,25548,25556,25557,25562,25563,25571,25572,25642,25643,25644,25645,25730
new 72,25730,25736,25737,25742,25743,25747,25748,25760,25761,25775,25776,25810,25811,25830,25831,25833,25834,25878,25879,25880,25881,25888,25889,25906,25907,25959,25960,25965,25966,26017,26018,26031,26032,26047,26048,26051,26052,26078,26079,26086,26087,26103,26104,26133,26134,26150,26151,26161,26162,26308,26309,26515,26516,26519,26520,26527,26528,26559,26560,26563,26564,26599,26600,26601,26602,26758,26759,26771,26772,26782,26783,26789
new 52,26789,26792,26793,26802,26803,26804,26805,26839,26840,26843,26844,26887,26888,26920,26921,26922,26923,26924,26925,26963,26964,26966,26967,26982,26983,27046,27047,27141,27142,27257,27258,27261,27262,27354,27355,27358,27359,27419,27420,27451,27452,27456,27457,27466,27467,27474,27475,27677,27678,27833,27834,27838
new 64,27838,28065,28066,28071,28072,28093,28094,28102,28103,28127,28128,28130,28131,28139,28140,28281,28282,28285,28286,28292,28293,28488,28489,28490,28491,28496,28497,28504,28505,28510,28511,28516,28517,28524,28525,28531,28532,28541,28542,28555,28556,28563,28564,28570,28571,28588,28589,28597,28598,28599,28600,28605,28606,28619,28620,28627,28628,28634,28635,28638,28639,28710,28711,28893
new 108,28893,29061,29062,29067,29068,29117,29118,29136,29137,29147,29148,29159,29160,29161,29162,29164,29165,29178,29179,29187,29188,29252,29253,29262,29263,29267,29268,29270,29271,29338,29339,29342,29343,29355,29356,29358,29359,29360,29361,29372,29373,29379,29380,29384,29385,29392,29393,29397,29398,29401,29402,29410,29411,29415,29416,29444,29445,29453,29454,29459,29460,29497,29498,29501,29502,29507,29508,29513,29514,29515,29516,29533,29534,29575,29576,29646,29647,29648,29649,29665,29666,29711,29712,29726,29727,29789,29790,29791,29792,29796,29797,29799,29800,29801,29802,29826,29827,29828,29829,29850,29851,29858,29859,29863,29864,29893,29894,29970
new 34,29970,30004,30005,30009,30010,30014,30015,30019,30020,30030,30031,30036,30037,30039,30040,30058,30059,30062,30063,30243,30244,30270,30271,30277,30278,30279,30280,30314,30315,30748,30749,30989,30990,31010
new 74,31010,31015,31016,31019,31020,31021,31022,31023,31024,31077,31078,31079,31080,31081,31082,31083,31084,31085,31086,31109,31110,31115,31116,31118,31119,31214,31215,31216,31217,31262,31263,31391,31392,31393,31394,31417,31418,31423,31424,31426,31427,31522,31523,31524,31525,31570,31571,31699,31700,31701,31702,31723,31724,31729,31730,31732,31733,31833,31834,31835,31836,31884,31885,32033,32034,32035,32036,32057,32058,32063,32064,32066,32067,32070
new 44,32070,32156,32157,32158,32159,32204,32205,32341,32342,32343,32344,32366,32367,32372,32373,32375,32376,32467,32468,32469,32470,32516,32517,32636,32637,32638,32639,32660,32661,32666,32667,32669,32670,32762,32763,32764,32765,32766,32768,32770,33009,33011,33523,33865
new 2,33865,34889
new 2,34889,35913
new 2,35913,36937
new 2,36937,37961
new 2,37961,38985
new 2,38985,40009
new 2,40009,41033
new 2,41033,42057
new 6,42057,42141,42142,42661,42662,43083
new 2,43083,44107
new 10,44107,44696,44697,44698,44699,44735,44736,45112,45113,45135
new 18,45135,45184,45185,45624,45625,45628,45629,45651,45652,45706,45707,45913,45914,45918,45919,45935,45936,46167
new 4,46167,46318,46319,47192
new 2,47192,48216
new 8,48216,48317,48318,48385,48386,48743,48744,49243
new 2,49243,50267
new 4,50267,50756,50757,51292
new 2,51292,52316
new 2,52316,53340
new 2,53340,54364
new 2,54364,55388
new 2,55388,56412
new 2,56412,57436
new 2,57436,58460
new 2,58460,59484
new 2,59484,60508
new 14,60508,61003,61004,61017,61018,61100,61101,61159,61160,61406,61407,61447,61448,61538
new 6,61538,61746,61747,61902,61903,62564
new 12,62564,63292,63293,63295,63296,63307,63308,63317,63318,63388,63389,63593
new 72,63593,64065,64066,64069,64070,64071,64072,64073,64074,64076,64077,64078,64079,64083,64084,64086,64087,64088,64089,64090,64091,64103,64104,64105,64106,64112,64113,64118,64119,64151,64152,64153,64154,64157,64158,64159,64160,64165,64166,64196,64197,64198,64199,64202,64203,64205,64206,64209,64210,64613,64614,64615,64616,64618,64619,64620,64621,64622,64623,64624,64625,64627,64628,64630,64631,64633,64634,64642,64643,64645,64646,64652
new 80,64652,64659,64660,64661,64662,64663,64664,64667,64668,64800,64801,64866,64867,64872,64873,64887,64888,64917,64918,64920,64921,64970,64971,64972,64973,64975,64976,64978,64979,64980,64981,64982,64983,64984,64985,64997,64998,64999,65000,65113,65114,65116,65117,65119,65120,65121,65122,65123,65124,65125,65126,65127,65128,65143,65144,65145,65146,65154,65155,65160,65161,65229,65230,65239,65240,65246,65247,65271,65272,65513,65514,65522,65523,65532,65533,65534,65536,65538,66050,66227
new 2,66227,67251
new 4,67251,68145,68146,68276
new 2,68276,69300
new 2,69300,70324
new 2,70324,71348
new 2,71348,72372
new 4,72372,72970,72971,73397
new 2,73397,74421
new 4,74421,75167,75168,75446
new 80,75446,75492,75493,75637,75638,75762,75763,75770,75771,75778,75779,75786,75787,75796,75797,75803,75804,75809,75810,75815,75816,75821,75822,75831,75832,75838,75839,75845,75846,75852,75853,75860,75861,75868,75869,75879,75880,75890,75891,75902,75903,75910,75911,75920,75921,75938,75939,75949,75950,75958,75959,75974,75975,75982,75983,75997,75998,76012,76013,76026,76027,76040,76041,76048,76049,76055,76056,76061,76062,76067,76068,76211,76212,76222,76223,76366,76367,76377,76378,76509
new 48,76509,76521,76522,76531,76532,76675,76676,76687,76688,76831,76832,76841,76842,76985,76986,76996,76997,77140,77141,77284,77285,77291,77292,77310,77311,77330,77331,77338,77339,77350,77351,77356,77357,77363,77364,77370,77371,77380,77381,77388,77389,77396,77397,77403,77404,77419,77420,77556
new 22,77556,78156,78157,78163,78164,78195,78196,78204,78205,78242,78243,78260,78261,78266,78267,78272,78273,78279,78280,78285,78286,78590
new 42,78590,78930,78931,79286,79287,79301,79302,79308,79309,79315,79316,79334,79335,79366,79367,79390,79391,79439,79440,79451,79452,79458,79459,79469,79470,79472,79473,79480,79481,79487,79488,79513,79514,79532,79533,79570,79571,79613,79614,79630,79631,79634
new 12,79634,79635,79636,79649,79650,79705,79706,79708,79709,80120,80121,80663
new 18,80663,81342,81343,81353,81354,81361,81362,81369,81370,81410,81411,81426,81427,81442,81443,81484,81485,81695
new 22,81695,81862,81863,81880,81881,81887,81888,81892,81893,81897,81898,82032,82033,82055,82056,82176,82177,82184,82185,82190,82191,82729
new 26,82729,82986,82987,83167,83168,83204,83205,83495,83496,83503,83504,83511,83512,83541,83542,83681,83682,83701,83702,83712,83713,83714,83715,83726,83727,83765
new 38,83765,84102,84103,84104,84105,84106,84107,84108,84109,84110,84111,84132,84133,84141,84142,84161,84162,84163,84164,84172,84173,84191,84192,84193,84194,84195,84196,84255,84256,84348,84349,84363,84364,84373,84374,84654,84655,84807
new 40,84808,84830,84831,84854,84855,84904,84905,84915,84916,84981,84982,85043,85044,85049,85050,85108,85109,85110,85111,85148,85149,85186,85187,85226,85227,85229,85230,85231,85232,85246,85247,85259,85260,85270,85271,85296,85297,85348,85349,85851
new 2,85851,86875
new 18,86875,86992,86993,87003,87004,87021,87022,87050,87051,87097,87098,87181,87182,87704,87705,87877,87878,87907
new 16,87907,87972,87973,87974,87975,87984,87985,87992,87993,87997,87998,88012,88013,88019,88020,88938
new 18,88938,89141,89142,89188,89189,89204,89205,89261,89262,89275,89276,89403,89404,89809,89810,89932,89933,89970
new 34,89970,89978,89979,90018,90019,90043,90044,90052,90053,90264,90265,90470,90471,90481,90482,90502,90503,90512,90513,90674,90675,90679,90680,90710,90711,90715,90716,90727,90728,90739,90740,90781,90782,91010
new 84,91010,91045,91046,91051,91052,91061,91062,91070,91071,91074,91075,91078,91079,91081,91082,91118,91119,91138,91139,91155,91156,91172,91173,91189,91190,91206,91207,91223,91224,91261,91262,91281,91282,91320,91321,91338,91339,91364,91365,91373,91374,91380,91381,91448,91449,91452,91453,91456,91457,91459,91460,91463,91464,91467,91468,91491,91492,91494,91495,91500,91501,91507,91508,91515,91516,91519,91520,91546,91547,91550,91551,91580,91581,91627,91628,91692,91693,91737,91738,91743,91744,91751,91752,92075
new 2,92075,93099
new 4,93099,93998,93999,94124
new 16,94124,94441,94442,94530,94531,94533,94534,94537,94538,94721,94722,94900,94901,95086,95087,95155
new 46,95155,95188,95189,95322,95323,95413,95414,95416,95417,95423,95424,95436,95437,95442,95443,95520,95521,95554,95555,95597,95598,95614,95615,95623,95624,95677,95678,95715,95716,95726,95727,95732,95733,95737,95738,95744,95745,95868,95869,95891,95892,95895,95896,95977,95978,96201
new 2,96201,97225
new 46,97225,97659,97660,97684,97685,97702,97703,97713,97714,97734,97735,97748,97749,97762,97763,97838,97839,97918,97919,97946,97947,98024,98025,98040,98041,98045,98046,98051,98052,98056,98057,98064,98065,98100,98101,98164,98165,98186,98187,98193,98194,98200,98201,98226,98227,98271
new 10,98271,98298,98299,98301,98304,98306,98545,98547,99059,100050
new 2,100050,101074
new 2,101074,102098
new 2,102098,103122
new 2,103122,104146
new 2,104146,105170
new 2,105170,106194
new 2,106194,107218
new 2,107218,108242
new 2,108242,109266
new 2,109266,110290
new 20,110290,110859,110860,110904,110905,111047,111048,111069,111070,111075,111076,111078,111079,111158,111159,111160,111161,111205,111206,111323
new 348,111323,111345,111346,111347,111348,111369,111370,111375,111376,111378,111379,111468,111469,111470,111471,111516,111517,111653,111654,111798,111799,111801,111802,111804,111805,111807,111808,111811,111812,111818,111819,111822,111823,111824,111825,111826,111827,111828,111829,111830,111831,111832,111833,111834,111835,111836,111837,111841,111842,111844,111845,111847,111848,111850,111851,111853,111854,111856,111857,111859,111860,111862,111863,111865,111866,111868,111869,111871,111872,111874,111875,111877,111878,111879,111880,111881,111882,111883,111884,111889,111890,111891,111892,111893,111894,111897,111898,111901,111902,111905,111906,111909,111910,111911,111912,111915,111916,111919,111920,111923,111924,111927,111928,111931,111932,111933,111934,111937,111938,111941,111942,111945,111946,111949,111950,111953,111954,111957,111958,112041,112042,112043,112044,112051,112052,112071,112072,112073,112074,112075,112076,112077,112078,112079,112080,112081,112082,112083,112084,112085,112086,112087,112088,112089,112090,112091,112092,112093,112094,112099,112100,112101,112102,112116,112117,112118,112119,112122,112123,112126,112127,112128,112129,112132,112133,112134,112135,112138,112139,112141,112142,112145,112146,112148,112149,112153,112154,112159,112160,112163,112164,112168,112169,112170,112171,112173,112174,112175,112176,112179,112180,112184,112185,112189,112190,112194,112195,112199,112200,112204,112205,112209,112210,112214,112215,112219,112220,112224,112225,112229,112230,112231,112232,112252,112253,112273,112274,112282,112283,112284,112285,112286,112287,112288,112289,112290,112291,112292,112293,112314,112315,112320,112321,112335,112336,112353,112354,112358,112359,112360,112361,112362,112363,112366,112367,112368,112369,112374,112375,112376,112377,112379,112380,112381,112382,112383,112384,112385,112386,112397,112398,112399,112400,112401,112402,112404,112405,112406,112407,112408,112409,112410,112411,112412,112413,112414,112415,112416,112417,112418,112419,112420,112421,112422,112423,112424,112425,112426,112427,112428,112429,112430,112431,112432,112433,112434,112435,112436,112437,112438,112439,112440,112441,112442,112443,112444,112445,112446,112447,112448,112449,112450,112451,112452,112453,112454,112455,112456,112457,112458,112459,112460,112461,112462,112463,112464,112465,112466,112467,112468,112469,112470,112471,112472,112473,112476,112477,112478,112479,112510,112511,112512,112513,112515,112516,112517,112518,112520
new 512,112520,112522,112523,112525,112526,112528,112529,112530,112531,112533,112534,112536,112537,112545,112546,112556,112557,112568,112569,112579,112580,112590,112591,112599,112600,112608,112609,112617,112618,112626,112627,112647,112648,112655,112656,112668,112669,112691,112692,112712,112713,112737,112738,112739,112740,112741,112742,112743,112744,112745,112746,112747,112748,112749,112750,112751,112752,112753,112754,112755,112756,112757,112758,112759,112760,112761,112762,112763,112764,112766,112767,112768,112769,112770,112771,112772,112773,112774,112775,112776,112777,112778,112779,112780,112781,112782,112783,112784,112785,112786,112787,112788,112789,112790,112791,112793,112794,112795,112796,112797,112798,112799,112800,112801,112802,112803,112804,112805,112806,112807,112808,112809,112810,112811,112812,112813,112814,112815,112816,112817,112818,112819,112820,112821,112822,112823,112824,112825,112826,112827,112828,112829,112830,112831,112832,112833,112834,112835,112836,112837,112838,112839,112840,112841,112842,112843,112844,112845,112846,112847,112848,112849,112850,112851,112852,112853,112854,112855,112856,112857,112858,112859,112860,112861,112862,112863,112864,112865,112866,112867,112868,112869,112870,112871,112872,112873,112874,112875,112876,112877,112878,112879,112880,112881,112882,112883,112884,112885,112886,112887,112888,112889,112890,112891,112892,112893,112894,112895,112896,112897,112898,112899,112900,112901,112902,112903,112904,112905,112906,112907,112908,112909,112910,112911,112912,112913,112914,112915,112916,112917,112918,112919,112920,112921,112922,112923,112924,112925,112926,112927,112928,112929,112930,112931,112932,112933,112934,112935,112936,112937,112938,112939,112940,112941,112942,112943,112944,112945,112946,112947,112948,112949,112950,112951,112952,112953,112954,112955,112956,112957,112958,112959,112960,112961,112962,112963,112964,112965,112966,112967,112968,112970,112971,112972,112973,112974,112975,112976,112977,112978,112979,112980,112981,112982,112983,112984,112985,112986,112987,112988,112989,112990,112991,112992,112993,112996,112997,112998,112999,113000,113001,113002,113003,113004,113005,113006,113007,113010,113011,113049,113050,113051,113052,113053,113054,113514,113515,113516,113517,113521,113522,113523,113524,113525,113526,113527,113528,113529,113530,113531,113532,113534,113535,113537,113538,113540,113541,113543,113544,113545,113546,113548,113549,113551,113552,113554,113555,113556,113557,113559,113560,113562,113563,113565,113566,113568,113569,113571,113572,113574,113575,113577,113578,113580,113581,113583,113584,113586,113587,113589,113590,113592,113593,113596,113597,113599,113600,113602,113603,113605,113606,113608,113609,113611,113612,113613,113614,113615,113616,113618,113619,113621,113622,113624,113625,113628,113629,113632,113633,113635,113636,113638,113639,113641,113642,113644,113645,113647,113648,113650,113651,113653,113654,113656,113657,113659,113660,113663,113664,113666,113667,113669,113670,113672,113673,113675,113676,113678,113679,113681,113682,113684,113685,113687,113688,113690,113691,113693,113694,113696,113697,113699,113700,113701,113702,113704,113705,113707,113708,113710,113711,113713,113714,113716,113717,113718,113719,113721,113722,113724,113725,113727,113728,113730,113731,113733,113734,113736,113737,113739,113740,113741,113742,113744,113745,113747,113748,113750,113751,113753,113754,113756,113757,113759,113760,113761,113762,113764,113765,113767,113768,113770,113771,113773,113774,113776,113777,113779,113780,113782,113783,113785,113786,113788,113789,113790,113791,113793,113794,113796,113797,113799
new 328,113800,113802,113803,113804,113805,113807,113808,113810,113811,113813,113814,113816,113817,113819,113820,113822,113823,113825,113826,113828,113829,113831,113832,113835,113836,113838,113839,113841,113842,113844,113845,113847,113848,113850,113851,113852,113853,113855,113856,113858,113859,113861,113862,113864,113865,113867,113868,113869,113870,113872,113873,113875,113876,113878,113879,113881,113882,113884,113885,113887,113888,113889,113890,113892,113893,113895,113896,113898,113899,113901,113902,113904,113905,113907,113908,113909,113910,113912,113913,113915,113916,113918,113919,113921,113922,113923,113924,113926,113927,113928,113929,113931,113932,113934,113935,113937,113938,113940,113941,113942,113943,113945,113946,113948,113949,113951,113952,113954,113955,113957,113958,113960,113961,113963,113964,113966,113967,113969,113970,113972,113973,113974,113975,113977,113978,113980,113981,113983,113984,113986,113987,113989,113990,113992,113993,113995,113996,113998,113999,114001,114002,114004,114005,114007,114008,114010,114011,114012,114013,114017,114018,114019,114020,114021,114022,114070,114071,114073,114074,114076,114077,114078,114079,114081,114082,114084,114085,114086,114087,114088,114089,114090,114091,114092,114093,114108,114109,114123,114124,114125,114126,114127,114128,114129,114130,114131,114132,114133,114134,114135,114136,114137,114138,114139,114140,114141,114142,114143,114144,114145,114146,114147,114148,114149,114150,114151,114152,114153,114154,114155,114156,114157,114158,114159,114160,114161,114162,114163,114164,114165,114166,114167,114168,114169,114170,114171,114172,114173,114174,114175,114176,114177,114178,114179,114180,114181,114182,114183,114184,114185,114186,114187,114188,114189,114190,114191,114192,114193,114194,114195,114196,114197,114198,114199,114200,114201,114202,114203,114204,114205,114206,114207,114208,114209,114210,114211,114212,114213,114214,114215,114216,114217,114218,114219,114220,114221,114222,114223,114224,114225,114226,114227,114228,114229,114230,114231,114232,114233,114234,114236,114237,114238,114239,114240,114241,114242,114243,114244,114245,114246,114247,114248,114249,114250,114251,114255,114256,114257,114258,114260,114261,114263,114264,114266,114267,114277,114278,114293,114294,114311,114312,114341,114342,114371,114372,114399,114400,114987
new 20,114987,115845,115846,115875,115876,115905,115906,115935,115936,115965,115966,115970,115971,115975,115976,115984,115985,116018,116019,116020
new 16,116020,116023,116024,116049,116050,116075,116076,116102,116103,116130,116131,116133,116134,116136,116137,117051
new 2,117051,118075
new 2,118075,119099
new 2,119099,120123
new 58,120123,120697,120698,120710,120711,120717,120718,120724,120725,120734,120735,120741,120742,120775,120776,120810,120811,120841,120842,120873,120874,120910,120911,120946,120947,120952,120953,120958,120959,120963,120964,120993,120994,121024,121025,121053,121054,121083,121084,121092,121093,121101,121102,121110,121111,121119,121120,121122,121123,121128,121129,121134,121135,121145,121146,121166,121167,121175
new 128,121175,121188,121189,121209,121210,121230,121231,121233,121234,121243,121244,121253,121254,121263,121264,121274,121275,121283,121284,121292,121293,121301,121302,121310,121311,121336,121337,121340,121341,121343,121344,121358,121359,121373,121374,121388,121389,121403,121404,121408,121409,121413,121414,121442,121443,121470,121471,121498,121499,121525,121526,121552,121553,121558,121559,121563,121564,121566,121567,121588,121589,121610,121611,121631,121632,121652,121653,121655,121656,121661,121662,121700,121701,121741,121742,121745,121746,121750,121751,121822,121823,121827,121828,121840,121841,121843,121844,121847,121848,121860,121861,121865,121866,121875,121876,121885,121886,121895,121896,121905,121906,121933,121934,121962,121963,121991,121992,122020,122021,122025,122026,122030,122031,122036,122037,122043,122044,122049,122050,122056,122057,122149,122150,122249,122250,122254,122255,122262
new 32,122262,122271,122272,122303,122304,122365,122366,122431,122432,122493,122494,122555,122556,122631,122632,122713,122714,122789,122790,122871,122872,122953,122954,123030,123031,123113,123114,123189,123190,123271,123272,123301
new 38,123301,123347,123348,123423,123424,123504,123505,123579,123580,123661,123662,123743,123744,123819,123820,123902,123903,123978,123979,123980,123981,123983,123984,123990,123991,123999,124000,124020,124021,124026,124027,124028,124029,124030,124031,124056,124057,124343
new 20,124343,124424,124425,124482,124483,124900,124901,124904,124905,124926,124927,124970,124971,125142,125143,125146,125147,125162,125163,125376
new 4,125376,125447,125448,126401
new 6,126401,127164,127165,127221,127222,127427
new 4,127427,127556,127557,128452
new 14,128452,129047,129048,129060,129061,129130,129131,129174,129175,129384,129385,129418,129419,129482
new 6,129482,129673,129674,129810,129811,130508
new 14,130508,130982,130983,130985,130986,130997,130998,131005,131006,131070,131072,131074,131586,132050
new 2,132050,133074
new 2,133074,134098
new 8,134098,134686,163840,163842,164081,164083,164595,165027
new 2,165027,166051
new 2,166051,167075
new 2,167075,168099
new 2,168099,169123
new 2,169123,170147
new 2,170147,171171
new 2,171171,172195
new 2,172195,173219
new 2,173219,174243
new 2,174243,175267
new 2,175267,176291
new 2,176291,177315
new 2,177315,178339
new 2,178339,179363
new 2,179363,180387
new 2,180387,181411
new 2,181411,182435
new 2,182435,183459
new 2,183459,184483
new 2,184483,185507
new 2,185507,186531
new 2,186531,187555
new 2,187555,188579
new 2,188579,189603
new 2,189603,190627
new 2,190627,191651
new 2,191651,192675
new 2,192675,193699
new 2,193699,194723
new 2,194723,195747
new 22,195747,196529,196530,196532,196533,196545,196546,196548,196549,196550,196551,196557,196558,196563,196564,196605,196606,196607,196608,196610,197122,197292
new 2,197292,198316
new 2,198316,199340
new 2,199340,200364
new 2,200364,201388
new 2,201388,202412
new 2,202412,203436
new 2,203436,204460
new 4,204460,205385,205386,205485
new 2,205485,206509
new 2,206509,207533
new 2,207533,208557
new 66,208557,208640,208641,208783,208784,208822,208823,208852,208853,208867,208868,208872,208873,208878,208879,208886,208887,208897,208898,208919,208920,208990,208991,209000,209001,209032,209033,209050,209051,209056,209057,209062,209063,209094,209095,209122,209123,209128,209129,209190,209191,209203,209204,209209,209210,209221,209222,209229,209230,209235,209236,209268,209269,209284,209285,209288,209289,209292,209293,209306,209307,209321,209322,209324,209325,209613
new 2,209613,210637
new 2,210637,211661
new 16,211661,211886,211887,211889,211890,211892,211893,211896,211897,211904,211905,211971,211972,211974,211975,212692
new 4,212692,212774,212775,213717
new 2,213717,214741
new 28,214741,215551,215552,215562,215563,215570,215571,215576,215577,215627,215628,215644,215645,215662,215663,215715,215716,215723,215724,215728,215729,215732,215733,215753,215754,215758,215759,215778
new 70,215778,215814,215815,215839,215840,215842,215843,215846,215847,215867,215868,215975,215976,215978,215979,215986,215987,215990,215991,215994,215995,216001,216002,216034,216035,216042,216043,216046,216047,216075,216076,216259,216260,216269,216270,216272,216273,216277,216278,216304,216305,216306,216307,216320,216321,216326,216327,216396,216397,216398,216399,216442,216443,216489,216490,216538,216539,216550,216551,216552,216553,216669,216670,216744,216745,216750,216751,216754,216755,216836
new 64,216836,216964,216965,216989,216990,217069,217070,217074,217075,217078,217079,217083,217084,217089,217090,217093,217094,217361,217362,217394,217395,217402,217403,217407,217408,217412,217413,217417,217418,217427,217428,217437,217438,217495,217496,217575,217576,217588,217589,217645,217646,217686,217687,217712,217713,217722,217723,217726,217727,217731,217732,217735,217736,217741,217742,217855,217856,217859,217860,217864,217865,217868,217869,217891
new 18,217891,217970,217971,217990,217991,218154,218155,218197,218198,218202,218203,218520,218521,218563,218564,218613,218614,218923
new 12,218923,219031,219032,219034,219035,219073,229376,229378,229617,229619,230131,231003
new 2,231003,232027
new 4,232027,232546,232547,233052
new 2,233052,234076
new 2,234076,235100
new 2,235100,236124
new 2,236124,237148
new 2,237148,238172
new 4,238172,239015,239016,239197
new 22,239197,239795,239796,240146,240147,240153,240154,240162,240163,240191,240192,240196,240197,240202,240203,240207,240208,240212,240213,240217,240218,240231
new 22,240231,240397,240398,240402,240403,240899,240900,240919,240920,240946,240947,240952,240953,241008,241009,241018,241019,241036,241037,241054,241055,241265
new 2,241265,242289
new 2,242289,243313
new 32,243313,243964,243965,243978,243979,243994,243995,244003,244004,244019,244020,244035,244036,244057,244058,244097,244098,244162,244163,244226,244227,244241,244242,244247,244248,244253,244254,244259,244260,244271,244272,244352
new 24,244352,244388,244389,244428,244429,244652,244653,244711,244712,244773,244774,244780,244781,244802,244803,245049,245050,245091,245092,245143,245144,245150,245151,245387
new 2,245387,246411
new 2,246411,247435
new 2,247435,248459
new 6,248459,249212,249213,249353,249354,249485
new 10,249485,249588,249589,249666,249667,249731,249732,249838,249839,250513
new 6,250513,250837,250838,251156,251157,251539
new 4,251539,251844,251845,252564
new 20,252564,253284,253285,253294,253295,253303,253304,253312,253313,253394,253395,253418,253419,253436,253437,253576,253577,253595,253596,253597
new 32,253597,253629,253630,253636,253637,253643,253644,253652,253653,253668,253669,253694,253695,253706,253707,253819,253820,253875,253876,253882,253883,253974,253975,254170,254171,254427,254428,254463,254464,254605,254606,254636
new 12,254636,254797,254798,254804,254805,254843,254844,254867,254868,254928,254929,255665
new 2,255665,256689
new 14,256689,257409,257410,257420,257421,257428,257429,257456,257457,257630,257631,257637,257638,257719
new 26,257719,257843,257844,257931,257932,258024,258025,258325,258326,258413,258414,258418,258419,258429,258430,258609,258610,258664,258665,258690,258691,258697,258698,258702,258703,258755
new 48,258755,258841,258842,258869,258870,258879,258880,258886,258887,258946,258947,258989,258990,259013,259014,259049,259050,259055,259056,259071,259072,259080,259081,259192,259193,259200,259201,259208,259209,259227,259228,259233,259234,259245,259246,259346,259347,259351,259352,259360,259361,259438,259439,259443,259444,259570,259571,259802
new 64,259802,259962,259963,260239,260240,260248,260249,260266,260267,260301,260302,260369,260370,260384,260385,260399,260400,260442,260443,260471,260472,260476,260477,260487,260488,260497,260498,260509,260510,260514,260515,260566,260567,260571,260572,260576,260577,260637,260638,260649,260650,260684,260685,260698,260699,260704,260705,260728,260729,260741,260742,260777,260778,260782,260783,260788,260789,260805,260806,260818,260819,260843,260844,260857
new 46,260857,260877,260878,260887,260888,261088,261089,261173,261174,261181,261182,261198,261199,261206,261207,261215,261216,261235,261236,261384,261385,261396,261397,261405,261406,261410,261411,261436,261437,261452,261453,261479,261480,261487,261488,261519,261520,261548,261549,261568,261569,261893,261894,261896,261897,261903
new 42,261903,261921,261922,261927,261928,261936,261937,261946,261947,261957,261958,261963,261964,261971,261972,261980,261981,261985,261986,262006,262007,262052,262053,262066,262067,262123,262124,262128,262129,262135,262136,262140,262141,262142,262144,262146,294912,294914,295153,295155,295667,296462
new 6,296462,296876,296877,296898,296899,297488
new 46,297488,298066,298067,298077,298078,298114,298115,298152,298153,298160,298161,298166,298167,298338,298339,298367,298368,298373,298374,298382,298383,298388,298389,298402,298403,298417,298418,298433,298434,298438,298439,298455,298456,298467,298468,298480,298481,298502,298503,298508,298509,298515,298516,298530,298531,298534
new 18,298534,298544,298545,298577,298578,298625,298626,298633,298634,298652,298653,298679,298680,298685,298686,298690,298691,299566
new 42,299566,299633,299634,299640,299641,299668,299669,299674,299675,299761,299762,299773,299774,299790,299791,299808,299809,299816,299817,299941,299942,299981,299982,300359,300360,300376,300377,300386,300387,300391,300392,300427,300428,300432,300433,300473,300474,300525,300526,300602,300603,300610
new 50,300610,300686,300687,300718,300719,300739,300740,300775,300776,300862,300863,300948,300949,300984,300985,300992,300993,301002,301003,301124,301125,301146,301147,301179,301180,301210,301211,301252,301253,301262,301263,301270,301271,301279,301280,301380,301381,301504,301505,301554,301555,301561,301562,301567,301568,301574,301575,301655,301656,301658
new 68,301658,301660,301661,301666,301667,301671,301672,301681,301682,301690,301691,301698,301699,301705,301706,301718,301719,301725,301726,301785,301786,301809,301810,301832,301833,301839,301840,301865,301866,302045,302046,302077,302078,302101,302102,302125,302126,302327,302328,302333,302334,302339,302340,302400,302401,302449,302450,302456,302457,302645,302646,302670,302671,302674,302675,302680,302681,302686,302687,302689,302690,302692,302693,302696,302697,302709,302710,302715
new 88,302715,302721,302722,302726,302727,302732,302733,302740,302741,302751,302752,302815,302816,302823,302824,302842,302843,302848,302849,302853,302854,302859,302860,302871,302872,302878,302879,302884,302885,302895,302896,302901,302902,302904,302905,302906,302907,302908,302909,302910,302911,302930,302931,302932,302933,302941,302942,302945,302946,303011,303012,303021,303022,303028,303029,303062,303063,303070,303071,303114,303115,303126,303127,303135,303136,303140,303141,303149,303150,303185,303186,303224,303225,303227,303228,303231,303232,303234,303235,303238,303239,303241,303242,303389,303390,303392,303393,303782
new 16,303782,303926,303927,303961,303962,303966,303967,304048,304049,304059,304060,304082,304083,304105,304106,304813
new 2,304813,305837
new 2,305837,306861
new 2,306861,307885
new 24,307885,308619,308620,308635,308636,308652,308653,308661,308662,308678,308679,308695,308696,308718,308719,308761,308762,308833,308834,308903,308904,308918,308919,308920
new 24,308920,308922,308923,308926,308927,308931,308932,308944,308945,309136,309137,309190,309191,309512,309513,309592,309593,309674,309675,309680,309681,309708,309709,309955
new 12,309955,310124,310125,310181,310182,310250,310251,310257,310258,310262,310263,310984
new 6,310984,311245,311246,311280,311281,312010
new 2,312010,313034
new 40,313034,313121,313122,313128,313129,313138,313139,313251,313252,313282,313283,313304,313305,313529,313530,313555,313556,313588,313589,313594,313595,313601,313602,313611,313612,313629,313630,313633,313634,313646,313647,313782,313783,313861,313862,313867,313868,313992,313993,314077
new 12,314077,314260,314261,314593,314594,314818,314819,315065,315066,315072,315073,315106
new 18,315106,315141,315142,315174,315175,315260,315261,315271,315272,315509,315510,315790,315791,315885,315886,315985,315986,316138
new 40,316138,316298,316299,316303,316304,316307,316308,316342,316343,316347,316348,316635,316636,316639,316640,316717,316718,316748,316749,316752,316753,316758,316759,316761,316762,316955,316956,316995,316996,317007,317008,317013,317014,317078,317079,317091,317092,317149,317150,317181
new 64,317181,317189,317190,317202,317203,317207,317208,317216,317217,317223,317224,317234,317235,317239,317240,317299,317300,317320,317321,317327,317328,317333,317334,317380,317381,317384,317385,317402,317403,317462,317463,317499,317500,317553,317554,317563,317564,317678,317679,317734,317735,317741,317742,317748,317749,317777,317778,317781,317782,317794,317795,317941,317942,317945,317946,317954,317955,318040,318041,318045,318046,318048,318049,318236
new 14,318236,318237,318238,318794,318795,319176,319177,319186,319187,319208,319209,319253,319254,319266
new 66,319266,319345,319346,319363,319364,319373,319374,319393,319394,319455,319456,319498,319499,319771,319772,319786,319787,319790,319791,319794,319795,319853,319854,319856,319857,319875,319876,319878,319879,319937,319938,319949,319950,319996,319997,320014,320015,320019,320020,320050,320051,320084,320085,320099,320100,320106,320107,320149,320150,320152,320153,320155,320156,320173,320174,320178,320179,320193,320194,320231,320232,320287,320288,320297,320298,320322
new 52,320322,320599,320600,320723,320724,320746,320747,320771,320772,320970,320971,320982,320983,320991,320992,320995,320996,321032,321033,321064,321065,321073,321074,321107,321108,321112,321113,321122,321123,321134,321135,321147,321148,321225,321226,321230,321231,321243,321244,321266,321267,321273,321274,321281,321282,321285,321286,321292,321293,321322,321323,321371
new 10,321371,321396,321397,321460,321461,321473,321474,321551,321552,322399
new 2,322399,323423
new 12,323423,323621,323622,323625,323626,323630,323631,323659,323660,323670,323671,324452
new 46,324452,324910,324911,324922,324923,324971,324972,325024,325025,325027,325028,325034,325035,325038,325039,325042,325043,325285,325286,325322,325323,325326,325327,325333,325334,325349,325350,325368,325369,325390,325391,325394,325395,325414,325415,325426,325427,325457,325458,325461,325462,325467,325468,325486,325487,325498
new 18,325498,325503,325504,325552,325553,325613,325614,325620,325621,325644,325645,325680,325681,325685,325686,325688,325689,326530
new 22,326530,327100,327101,327107,327108,327143,327144,327149,327150,327240,327241,327254,327255,327276,327277,327297,327298,327306,327307,327312,327313,327564
new 64,327564,327565,327566,327625,327626,327643,327644,327653,327654,327656,327657,327660,327661,327667,327668,327675,327676,327678,327680,327682,360448,360450,393216,393218,425984,425986,458752,458754,491520,491522,524288,524290,557056,557058,589824,589826,622592,622594,655360,655362,688128,688130,720896,720898,753664,753666,786432,786434,819200,819202,819441,819443,819955,820101,820102,820615,820616,820661,820662,820708,820709,820774,820775,820844
new 36,820844,820891,820892,821018,821019,821059,821060,821087,821088,821125,821126,821233,821234,821336,821337,821372,821373,821384,821385,821530,821531,821551,821552,821586,821587,821623,821624,821670,821671,821677,821678,821685,821686,821786,821787,821885
new 52,821885,821899,821900,821959,821960,821965,821966,821969,821970,821974,821975,822097,822098,822101,822102,822106,822107,822118,822119,822125,822126,822133,822134,822138,822139,822154,822155,822183,822184,822212,822213,822218,822219,822253,822254,822467,822468,822498,822499,822527,822528,822558,822559,822777,822778,822781,822782,822786,822787,822871,822872,822934
new 168,822934,822940,822941,822946,822947,823271,823272,823294,823295,823296,823297,823304,823305,823322,823323,823327,823328,823331,823332,823335,823336,823348,823349,823354,823355,823358,823359,823368,823369,823372,823373,823374,823375,823376,823377,823378,823379,823383,823384,823386,823387,823393,823394,823397,823398,823401,823402,823431,823432,823445,823446,823470,823471,823497,823498,823534,823535,823561,823562,823606,823607,823624,823625,823636,823637,823665,823666,823678,823679,823703,823704,823705,823706,823709,823710,823712,823713,823715,823716,823719,823720,823723,823724,823731,823732,823734,823735,823739,823740,823755,823756,823765,823766,823770,823771,823776,823777,823781,823782,823787,823788,823791,823792,823796,823797,823806,823807,823811,823812,823822,823823,823830,823831,823836,823837,823840,823841,823844,823845,823872,823873,823887,823888,823893,823894,823898,823899,823902,823903,823908,823909,823913,823914,823924,823925,823929,823930,823937,823938,823941,823942,823947,823948,823954,823955,823958,823959,823969,823970,823972,823973,823978,823979,823983,823984,823995,823996,824006,824007,824022,824023,824026,824027,824031,824032,824035,824036,824041
new 130,824042,824047,824048,824056,824057,824062,824063,824067,824068,824070,824071,824077,824078,824084,824085,824094,824095,824101,824102,824106,824107,824114,824115,824139,824140,824146,824147,824153,824154,824164,824165,824168,824169,824175,824176,824182,824183,824186,824187,824201,824202,824212,824213,824216,824217,824228,824229,824232,824233,824243,824244,824249,824250,824258,824259,824265,824266,824274,824275,824280,824281,824288,824289,824293,824294,824298,824299,824304,824305,824310,824311,824318,824319,824326,824327,824330,824331,824332,824333,824340,824341,824347,824348,824404,824405,824412,824413,824422,824423,824430,824431,824439,824440,824452,824453,824464,824465,824475,824476,824651,824652,824664,824665,824673,824674,824684,824685,824785,824786,824796,824797,824805,824806,824814,824815,824819,824820,824827,824828,824838,824839,824849,824850,824860,824861,824912,824913,824921,824922,825130
new 94,825130,825215,825216,825224,825225,825240,825241,825325,825326,825339,825340,825348,825349,825392,825393,825406,825407,825423,825424,825433,825434,825442,825443,825471,825472,825484,825485,825495,825496,825509,825510,825544,825545,825555,825556,825567,825568,825582,825583,825594,825595,825612,825613,825667,825668,825674,825675,825679,825680,825721,825722,825732,825733,825742,825743,825771,825772,825800,825801,825812,825813,825823,825824,825831,825832,825843,825844,825855,825856,825860,825861,825870,825871,825881,825882,825889,825890,826004,826005,826013,826014,826028,826029,826039,826040,826062,826063,826121,826122,826151,826152,826166,826167,826200
new 68,826200,826321,826322,826366,826367,826380,826381,826396,826397,826412,826413,826419,826420,826433,826434,826445,826446,826458,826459,826512,826513,826521,826522,826533,826534,826544,826545,826572,826573,826651,826652,826701,826702,826713,826714,826723,826724,826734,826735,826746,826747,826755,826756,826778,826779,826786,826787,826797,826798,826807,826808,826826,826827,826870,826871,826880,826881,826893,826894,827061,827062,827178,827179,827186,827187,827248,827249,827257
new 68,827257,827295,827296,827304,827305,827310,827311,827319,827320,827468,827469,827489,827490,827491,827492,827494,827495,827497,827498,827500,827501,827504,827505,827507,827508,827510,827511,827513,827514,827517,827518,827522,827523,827525,827526,827529,827530,827532,827533,827535,827536,827538,827539,827542,827543,827545,827546,827549,827550,827903,827904,827905,827906,827907,827908,828158,828159,828160,828161,828219,828220,828221,828222,828263,828264,828265,828266,828314
new 10,828314,828323,828324,828325,828326,828327,828328,828329,828330,829342
new 30,829342,829572,829573,829574,829575,829604,829605,829606,829607,829640,829641,829642,829643,829729,829730,829731,829732,829737,829738,829739,829740,829779,829780,829781,829782,830367,830368,830369,830370,830380
new 2,830380,831404
new 22,831404,832072,832073,832074,832075,832211,832212,832213,832214,832216,832217,832218,832219,832225,832226,832227,832228,832229,832230,832231,832232,832438
new 2,832438,833462
new 2,833462,834486
new 14,834486,834492,834493,834494,834495,834905,834906,834907,834908,835060,835061,835062,835063,835516
new 10,835516,835932,835933,835934,835935,835936,835937,835938,835939,836544
new 26,836544,836793,836794,836795,836796,836799,836800,836801,836802,836814,836815,836816,836817,836914,836915,836916,836917,836918,836919,836920,836921,836927,836928,836929,836930,837580
new 2,837580,838604
new 14,838604,838965,838966,838967,838968,838969,838970,838971,838972,839027,839028,839029,839030,839634
new 30,839634,839644,839645,839646,839647,839861,839862,839863,839864,839906,839907,839908,839909,839924,839925,839926,839927,839959,839960,839961,839962,839963,839964,839965,839966,839971,839972,839973,839974,840672
new 18,840672,841211,841212,841213,841214,841217,841218,841219,841220,841232,841233,841234,841235,841512,841513,841514,841515,841704
new 2,841704,842728
new 2,842728,843752
new 2,843752,844776
new 2,844776,845800
new 2,845800,846824
new 2,846824,847848
new 14,847848,848806,848807,848808,848809,848852,848853,848854,848855,848858,848859,848860,848861,848878
new 6,848878,848919,848920,848921,848922,849904
new 10,849904,850094,850095,850096,850097,850107,850108,850109,850110,850932
new 54,850932,851044,851045,851046,851047,851048,851049,851050,851051,851797,851798,851799,851800,851854,851855,851856,851857,851858,851859,851860,851861,851882,851883,851884,851885,851911,851912,851913,851914,851944,851945,851946,851947,851948,851949,851950,851951,851958,851959,851960,851961,851962,851963,851964,851965,851966,851968,851970,884736,884738,884977,884979,885491,885497
new 2,885497,886521
new 2,886521,887545
new 4,887545,888400,888401,888570
new 2,888570,889594
new 4,889594,890225,890226,890619
new 20,890619,890629,890630,890942,890943,890974,890975,891121,891122,891501,891502,891503,891504,891505,891506,891507,891508,891509,891510,891652
new 18,891652,891666,891667,891775,891776,891919,891920,892021,892022,892212,892213,892372,892373,892436,892437,892585,892586,892684
new 148,892684,892790,892791,892885,892886,893040,893041,893103,893104,893105,893106,893107,893108,893109,893110,893111,893112,893113,893114,893115,893116,893125,893126,893127,893128,893130,893131,893132,893133,893160,893161,893162,893163,893189,893190,893191,893192,893219,893220,893221,893222,893234,893235,893236,893237,893245,893246,893247,893248,893252,893253,893254,893255,893261,893262,893263,893264,893265,893266,893267,893268,893270,893271,893272,893273,893282,893283,893284,893285,893286,893287,893288,893289,893290,893291,893292,893293,893294,893295,893296,893297,893375,893376,893377,893378,893379,893380,893381,893382,893383,893384,893385,893386,893387,893388,893389,893390,893392,893393,893394,893395,893396,893397,893398,893399,893435,893436,893437,893438,893474,893475,893476,893477,893478,893479,893480,893481,893482,893483,893484,893485,893486,893487,893489,893490,893492,893493,893494,893495,893496,893497,893498,893499,893500,893501,893502,893503,893504,893505,893506,893507,893508,893509,893510,893511,893512,893513,893781
new 2,893781,894805
new 2,894805,895829
new 2,895829,896853
new 2,896853,897877
new 2,897877,898901
new 256,898901,898966,898967,898968,898969,898970,898971,898972,898973,898974,898975,898976,898977,898978,898979,898980,898981,898985,898986,898989,898990,898994,898995,898996,898997,899001,899002,899006,899007,899008,899009,899011,899012,899013,899014,899017,899018,899019,899020,899021,899022,899023,899024,899025,899026,899027,899028,899029,899030,899031,899032,899033,899034,899035,899036,899037,899038,899039,899040,899041,899042,899043,899044,899045,899046,899047,899048,899049,899050,899051,899052,899053,899054,899055,899056,899057,899058,899059,899060,899061,899062,899063,899064,899065,899066,899067,899068,899069,899070,899071,899072,899073,899074,899075,899076,899077,899078,899079,899080,899081,899082,899083,899084,899085,899086,899087,899088,899089,899090,899091,899092,899093,899094,899095,899096,899097,899098,899102,899103,899108,899109,899110,899111,899112,899113,899114,899115,899116,899117,899118,899119,899120,899121,899122,899123,899141,899142,899145,899146,899156,899157,899170,899171,899262,899263,899267,899268,899346,899347,899358,899359,899377,899378,899379,899380,899381,899382,899383,899384,899385,899386,899388,899389,899392,899393,899394,899395,899397,899398,899405,899406,899407,899408,899409,899410,899412,899413,899414,899415,899423,899424,899429,899430,899439,899440,899442,899443,899445,899446,899448,899449,899453,899454,899459,899460,899462,899463,899464,899465,899469,899470,899471,899472,899474,899475,899477,899478,899488,899489,899490,899491,899492,899493,899494,899495,899500,899501,899518,899519,899522,899523,899524,899525,899648,899649,899650,899651,899652,899653,899654,899655,899728,899729,899730,899731,899732,899733,899734,899735,899756,899757,899758,899759,899762,899763,899809,899810,899846,899847,899864,899865,899898,899899,899954,899955,900052
new 22,900052,900962,900963,900964,900965,900967,900968,900969,900970,900971,900972,901055,901056,901057,901058,901064,901065,901066,901067,901079,901080,901086
new 10,901086,901090,901091,901100,901101,901119,901120,901157,901158,902114
new 32,902114,902261,902262,902270,902271,902283,902284,902304,902305,902348,902349,902400,902401,902720,902721,902828,902829,902892,902893,902894,902895,902905,902906,902911,902912,902925,902926,902933,902934,902950,902951,903153
new 40,903153,903676,903677,903687,903688,903698,903699,903729,903730,903919,903920,903928,903929,903933,903934,903964,903965,903982,903983,903998,903999,904014,904015,904029,904030,904045,904046,904061,904062,904092,904093,904111,904112,904142,904143,904178,904179,904194,904195,904196
new 64,904196,904214,904215,904223,904224,904231,904232,904281,904282,904286,904287,904875,904876,904881,904882,904886,904887,904907,904908,904912,904913,904919,904920,904926,904927,904933,904934,904940,904941,904947,904948,904954,904955,904962,904963,904971,904972,904982,904983,904990,904991,904995,904996,905017,905018,905023,905024,905029,905030,905035,905036,905041,905042,905047,905048,905053,905054,905087,905088,905094,905095,905103,905104,905251
new 2,905251,906275
new 2,906275,907299
new 16,907299,907458,907459,907906,907907,908005,908006,908010,908011,908029,908030,908034,908035,908208,908209,908330
new 58,908330,908378,908379,908553,908554,908615,908616,909024,909025,909042,909043,909055,909056,909061,909062,909076,909077,909093,909094,909110,909111,909127,909128,909144,909145,909161,909162,909178,909179,909196,909197,909209,909210,909222,909223,909235,909236,909248,909249,909261,909262,909274,909275,909287,909288,909300,909301,909313,909314,909328,909329,909343,909344,909358,909359,909373,909374,909382
new 152,909382,909388,909389,909394,909395,909409,909410,909424,909425,909441,909442,909458,909459,909475,909476,909492,909493,909509,909510,909526,909527,909543,909544,909561,909562,909574,909575,909587,909588,909600,909601,909613,909614,909626,909627,909639,909640,909652,909653,909665,909666,909678,909679,909693,909694,909708,909709,909723,909724,909738,909739,909753,909754,909759,909760,909774,909775,909789,909790,909806,909807,909823,909824,909841,909842,909854,909855,909867,909868,909880,909881,909893,909894,909906,909907,909919,909920,909932,909933,909949,909950,909966,909967,909981,909982,909998,909999,910013,910014,910030,910031,910045,910046,910062,910063,910077,910078,910083,910084,910098,910099,910113,910114,910128,910129,910145,910146,910162,910163,910180,910181,910193,910194,910206,910207,910219,910220,910232,910233,910245,910246,910258,910259,910271,910272,910288,910289,910305,910306,910320,910321,910337,910338,910352,910353,910369,910370,910384,910385,910401,910402,910416,910417,910422,910423,910437,910438,910452,910453,910467,910468,910481
new 152,910481,910484,910485,910501,910502,910519,910520,910532,910533,910545,910546,910558,910559,910571,910572,910584,910585,910597,910598,910610,910611,910627,910628,910644,910645,910659,910660,910676,910677,910691,910692,910708,910709,910723,910724,910740,910741,910755,910756,910761,910762,910776,910777,910791,910792,910806,910807,910823,910824,910840,910841,910858,910859,910871,910872,910884,910885,910897,910898,910910,910911,910923,910924,910936,910937,910949,910950,910966,910967,910981,910982,910998,910999,911013,911014,911030,911031,911045,911046,911062,911063,911077,911078,911094,911095,911109,911110,911115,911116,911130,911131,911145,911146,911162,911163,911179,911180,911197,911198,911210,911211,911223,911224,911236,911237,911249,911250,911262,911263,911275,911276,911288,911289,911305,911306,911320,911321,911337,911338,911352,911353,911369,911370,911384,911385,911401,911402,911416,911417,911433,911434,911448,911449,911454,911455,911469,911470,911484,911485,911501,911502,911518,911519,911536,911537,911549,911550,911562,911563,911575,911576,911580
new 148,911580,911588,911589,911601,911602,911614,911615,911627,911628,911644,911645,911659,911660,911676,911677,911691,911692,911708,911709,911723,911724,911740,911741,911755,911756,911772,911773,911787,911788,911793,911794,911808,911809,911823,911824,911840,911841,911857,911858,911875,911876,911888,911889,911901,911902,911914,911915,911927,911928,911940,911941,911953,911954,911966,911967,911983,911984,911998,911999,912015,912016,912030,912031,912047,912048,912062,912063,912079,912080,912094,912095,912111,912112,912126,912127,912132,912133,912147,912148,912162,912163,912179,912180,912196,912197,912214,912215,912227,912228,912240,912241,912253,912254,912266,912267,912279,912280,912292,912293,912305,912306,912322,912323,912337,912338,912354,912355,912369,912370,912386,912387,912401,912402,912418,912419,912433,912434,912450,912451,912465,912466,912471,912472,912486,912487,912501,912502,912518,912519,912535,912536,912552,912553,912569,912570,912586,912587,912603,912604,912620,912621,912638,912639,912651,912652,912664,912665,912677
new 66,912678,912690,912691,912703,912704,912716,912717,912729,912730,912742,912743,912755,912756,912770,912771,912785,912786,912800,912801,912815,912816,912830,912831,912836,912837,912851,912852,912866,912867,912883,912884,912900,912901,913011,913012,913075,913076,913080,913081,913094,913095,913100,913101,913128,913129,913164,913165,913179,913180,913189,913190,913234,913235,913267,913268,913278,913279,913294,913295,913408,913409,913429,913430,913500,913501,913734
new 2,913734,914758
new 54,914758,915171,915172,915191,915192,915207,915208,915218,915219,915224,915225,915288,915289,915343,915344,915367,915368,915423,915424,915437,915438,915443,915444,915450,915451,915528,915529,915537,915538,915546,915547,915556,915557,915562,915563,915568,915569,915577,915578,915587,915588,915609,915610,915666,915667,915688,915689,915767,915768,915794,915795,915800,915801,915808
new 34,915808,915862,915863,915984,915985,916014,916015,916090,916091,916123,916124,916130,916131,916137,916138,916156,916157,916291,916292,916565,916566,916580,916581,916685,916686,916730,916731,916740,916741,916750,916751,916756,916757,916848
new 38,916848,916900,916901,916909,916910,916918,916919,916923,916924,916928,916929,916936,916937,916943,916944,916951,916952,917257,917258,917298,917299,917442,917443,917452,917453,917463,917464,917472,917473,917480,917481,917488,917489,917501,917504,917506,950272,950274
zero 694,16115,16116,16118,16119,16120,16121,16122,16123,16124,16125,16126,16127,16128,16129,16130,16131,16138,16139,16140,16141,16151,16152,16153,16154,16957,16958,16959,16960,16961,16962,16963,16964,17029,17030,17031,17032,17033,17034,17035,17036,17040,17041,17042,17043,17048,17049,17050,17051,17681,17682,17683,17684,17702,17703,17704,17705,17797,17798,17799,17800,17802,17803,17804,17805,18764,18765,18766,18767,18801,18802,18803,18804,18863,18864,18865,18866,18915,18916,18917,18918,20600,20601,20602,20603,20701,20702,20703,20704,21069,21070,21071,21072,21074,21075,21076,21077,21082,21083,21084,21085,21394,21395,21396,21397,21425,21426,21427,21428,21429,21430,21431,21432,21433,21434,21704,21705,21706,21707,22266,22267,22268,22269,22271,22272,22273,22274,22275,22276,22277,22278,22399,22400,22401,22402,22408,22409,22410,22411,22412,22413,22414,22415,22423,22424,22425,22426,22598,22599,22600,22601,22602,22603,22604,22605,22623,22624,22625,22626,22633,22634,22635,22636,22677,22678,22679,22680,22830,22831,22832,22833,22834,22835,22836,22837,22839,22840,22841,22842,22849,22850,22851,22852,22858,22859,22860,22861,22864,22865,22866,22867,23521,23522,23523,23524,23528,23529,23530,23531,23534,23535,23536,23537,25407,25408,25409,25410,25412,25413,25414,25415,25416,25417,25418,25419,25424,25425,25433,25434,25440,25441,25447,25448,25460,25461,25467,25468,25472,25473,25474,25475,25488,25489,25499,25500,25508,25509,25513,25514,25517,25518,25519,25520,25523,25524,25527,25528,25532,25533,25547,25548,25556,25557,25562,25563,25571,25572,25642,25643,25644,25645,25736,25737,25742,25743,25747,25748,25760,25761,25775,25776,25810,25811,25830,25831,25833,25834,25878,25879,25880,25881,25888,25889,25906,25907,25959,25960,25965,25966,26017,26018,26031,26032,26047,26048,26051,26052,26078,26079,26086,26087,26103,26104,26133,26134,26150,26151,26161,26162,26308,26309,26515,26516,26519,26520,26527,26528,26559,26560,26563,26564,26599,26600,26601,26602,26758,26759,26771,26772,26782,26783,26792,26793,26802,26803,26804,26805,26839,26840,26843,26844,26887,26888,26920,26921,26922,26923,26924,26925,26963,26964,26966,26967,26982,26983,27046,27047,27141,27142,27257,27258,27261,27262,27354,27355,27358,27359,27419,27420,27451,27452,27456,27457,27466,27467,27474,27475,27677,27678,27833,27834,28065,28066,28071,28072,28093,28094,28102,28103,28127,28128,28130,28131,28139,28140,28281,28282,28285,28286,28292,28293,28488,28489,28490,28491,28496,28497,28504,28505,28510,28511,28516,28517,28524,28525,28531,28532,28541,28542,28555,28556,28563,28564,28570,28571,28588,28589,28597,28598,28599,28600,28605,28606,28619,28620,28627,28628,28634,28635,28638,28639,28710,28711,29061,29062,29067,29068,29117,29118,29136,29137,29147,29148,29159,29160,29161,29162,29164,29165,29178,29179,29187,29188,29252,29253,29262,29263,29267,29268,29270,29271,29338,29339,29342,29343,29355,29356,29358,29359,29360,29361,29372,29373,29379,29380,29384,29385,29392,29393,29397,29398,29401,29402,29410,29411,29415,29416,29444,29445,29453,29454,29459,29460,29497,29498,29501,29502,29507,29508,29513,29514,29515,29516,29533,29534,29575,29576,29646,29647,29648,29649,29665,29666,29711,29712,29726,29727,29789,29790,29791,29792,29796,29797,29799,29800,29801,29802,29826,29827,29828,29829,29850,29851,29858,29859,29863,29864,29893,29894,30004,30005,30009,30010,30014,30015,30019,30020,30030,30031,30036,30037,30039,30040,30058,30059,30062,30063,30243,30244,30270,30271,30277,30278,30279,30280,30314,30315,30748,30749,30989,30990,31015,31016,31019,31020,31021,31022,31023,31024,31077,31078,31079,31080,31081,31082,31083,31084,31085,31086,31109,31110,31115,31116,31118,31119,31214,31215,31216,31217,31262,31263,31391,31392,31393,31394,31417,31418,31423,31424,31426,31427,31522,31523,31524,31525,31570,31571,31699,31700,31701,31702,31723,31724,31729,31730,31732,31733,31833,31834,31835,31836,31884,31885,32033,32034,32035,32036,32057,32058,32063,32064,32066,32067,32156,32157,32158,32159,32204,32205,32341,32342,32343,32344,32366,32367,32372,32373,32375,32376,32467,32468,32469,32470,32516,32517,32636,32637,32638,32639,32660,32661,32666,32667,32669,32670,32762,32763,32764,32765,32766,32768,32770,33009,33011,33450
zero 820,33450,33523,42141,42142,42661,42662,44696,44697,44698,44699,44735,44736,45112,45113,45184,45185,45624,45625,45628,45629,45651,45652,45706,45707,45913,45914,45918,45919,45935,45936,46318,46319,48317,48318,48385,48386,48743,48744,50756,50757,61003,61004,61017,61018,61100,61101,61159,61160,61406,61407,61447,61448,61746,61747,61902,61903,63292,63293,63295,63296,63307,63308,63317,63318,63388,63389,64065,64066,64069,64070,64071,64072,64073,64074,64076,64077,64078,64079,64083,64084,64086,64087,64088,64089,64090,64091,64103,64104,64105,64106,64112,64113,64118,64119,64151,64152,64153,64154,64157,64158,64159,64160,64165,64166,64196,64197,64198,64199,64202,64203,64205,64206,64209,64210,64613,64614,64615,64616,64618,64619,64620,64621,64622,64623,64624,64625,64627,64628,64630,64631,64633,64634,64642,64643,64645,64646,64659,64660,64661,64662,64663,64664,64667,64668,64800,64801,64866,64867,64872,64873,64887,64888,64917,64918,64920,64921,64970,64971,64972,64973,64975,64976,64978,64979,64980,64981,64982,64983,64984,64985,64997,64998,64999,65000,65113,65114,65116,65117,65119,65120,65121,65122,65123,65124,65125,65126,65127,65128,65143,65144,65145,65146,65154,65155,65160,65161,65229,65230,65239,65240,65246,65247,65271,65272,65513,65514,65522,65523,65532,65533,65534,65536,65538,66050,68145,68146,72970,72971,75167,75168,75492,75493,75637,75638,75762,75763,75770,75771,75778,75779,75786,75787,75796,75797,75803,75804,75809,75810,75815,75816,75821,75822,75831,75832,75838,75839,75845,75846,75852,75853,75860,75861,75868,75869,75879,75880,75890,75891,75902,75903,75910,75911,75920,75921,75938,75939,75949,75950,75958,75959,75974,75975,75982,75983,75997,75998,76012,76013,76026,76027,76040,76041,76048,76049,76055,76056,76061,76062,76067,76068,76211,76212,76222,76223,76366,76367,76377,76378,76521,76522,76531,76532,76675,76676,76687,76688,76831,76832,76841,76842,76985,76986,76996,76997,77140,77141,77284,77285,77291,77292,77310,77311,77330,77331,77338,77339,77350,77351,77356,77357,77363,77364,77370,77371,77380,77381,77388,77389,77396,77397,77403,77404,77419,77420,78156,78157,78163,78164,78195,78196,78204,78205,78242,78243,78260,78261,78266,78267,78272,78273,78279,78280,78285,78286,78930,78931,79286,79287,79301,79302,79308,79309,79315,79316,79334,79335,79366,79367,79390,79391,79439,79440,79451,79452,79458,79459,79469,79470,79472,79473,79480,79481,79487,79488,79513,79514,79532,79533,79570,79571,79613,79614,79630,79631,79635,79636,79649,79650,79705,79706,79708,79709,80120,80121,81342,81343,81353,81354,81361,81362,81369,81370,81410,81411,81426,81427,81442,81443,81484,81485,81862,81863,81880,81881,81887,81888,81892,81893,81897,81898,82032,82033,82055,82056,82176,82177,82184,82185,82190,82191,82986,82987,83167,83168,83204,83205,83495,83496,83503,83504,83511,83512,83541,83542,83681,83682,83701,83702,83712,83713,83714,83715,83726,83727,84102,84103,84104,84105,84106,84107,84108,84109,84110,84111,84132,84133,84141,84142,84161,84162,84163,84164,84172,84173,84191,84192,84193,84194,84195,84196,84255,84256,84348,84349,84363,84364,84373,84374,84654,84655,84807,84808,84830,84831,84854,84855,84904,84905,84915,84916,84981,84982,85043,85044,85049,85050,85108,85109,85110,85111,85148,85149,85186,85187,85226,85227,85229,85230,85231,85232,85246,85247,85259,85260,85270,85271,85296,85297,85348,85349,86992,86993,87003,87004,87021,87022,87050,87051,87097,87098,87181,87182,87704,87705,87877,87878,87972,87973,87974,87975,87984,87985,87992,87993,87997,87998,88012,88013,88019,88020,89141,89142,89188,89189,89204,89205,89261,89262,89275,89276,89403,89404,89809,89810,89932,89933,89978,89979,90018,90019,90043,90044,90052,90053,90264,90265,90470,90471,90481,90482,90502,90503,90512,90513,90674,90675,90679,90680,90710,90711,90715,90716,90727,90728,90739,90740,90781,90782,91045,91046,91051,91052,91061,91062,91070,91071,91074,91075,91078,91079,91081,91082,91118,91119,91138,91139,91155,91156,91172,91173,91189,91190,91206,91207,91223,91224,91261,91262,91281,91282,91320,91321,91338,91339,91364,91365,91373,91374,91380,91381,91448,91449,91452,91453,91456,91457,91459,91460,91463,91464,91467,91468,91491,91492,91494,91495,91500,91501,91507,91508,91515,91516,91519,91520,91546,91547,91550,91551,91580,91581,91627,91628,91692,91693,91737,91738,91743,91744,91751,91752,93998,93999,94441,94442,94530,94531,94533,94534,94537,94538,94721,94722,94900,94901,95086,95087,95188,95189,95322,95323,95413,95414,95416,95417,95423,95424,95436,95437,95442,95443,95520,95521,95554,95555,95597,95598,95614,95615,95623,95624,95677,95678,95715,95716,95726,95727,95732,95733,95737,95738,95744,95745,95868,95869,95891,95892,95895,95896,95977,95978,97659,97660,97684,97685,97702,97703,97713,97714,97734,97735,97748,97749,97762,97763,97838,97839,97918,97919,97946,97947,98024,98025,98040,98041,98045,98046,98051,98052,98056,98057,98064,98065,98100,98101,98164,98165,98186,98187,98193,98194,98200,98201,98226,98227,98298,98299,98301,98304,98306,98335
zero 608,98335,98545,98547,99059,110859,110860,110904,110905,111047,111048,111069,111070,111075,111076,111078,111079,111158,111159,111160,111161,111205,111206,111345,111346,111347,111348,111369,111370,111375,111376,111378,111379,111468,111469,111470,111471,111516,111517,111653,111654,111798,111799,111801,111802,111804,111805,111807,111808,111811,111812,111818,111819,111822,111823,111824,111825,111826,111827,111828,111829,111830,111831,111832,111833,111834,111835,111836,111837,111841,111842,111844,111845,111847,111848,111850,111851,111853,111854,111856,111857,111859,111860,111862,111863,111865,111866,111868,111869,111871,111872,111874,111875,111877,111878,111879,111880,111881,111882,111883,111884,111889,111890,111891,111892,111893,111894,111897,111898,111901,111902,111905,111906,111909,111910,111911,111912,111915,111916,111919,111920,111923,111924,111927,111928,111931,111932,111933,111934,111937,111938,111941,111942,111945,111946,111949,111950,111953,111954,111957,111958,112041,112042,112043,112044,112051,112052,112071,112072,112073,112074,112075,112076,112077,112078,112079,112080,112081,112082,112083,112084,112085,112086,112087,112088,112089,112090,112091,112092,112093,112094,112099,112100,112101,112102,112116,112117,112118,112119,112122,112123,112126,112127,112128,112129,112132,112133,112134,112135,112138,112139,112141,112142,112145,112146,112148,112149,112153,112154,112159,112160,112163,112164,112168,112169,112170,112171,112173,112174,112175,112176,112179,112180,112184,112185,112189,112190,112194,112195,112199,112200,112204,112205,112209,112210,112214,112215,112219,112220,112224,112225,112229,112230,112231,112232,112252,112253,112273,112274,112282,112283,112284,112285,112286,112287,112288,112289,112290,112291,112292,112293,112314,112315,112320,112321,112335,112336,112353,112354,112358,112359,112360,112361,112362,112363,112366,112367,112368,112369,112374,112375,112376,112377,112379,112380,112381,112382,112383,112384,112385,112386,112397,112398,112399,112400,112401,112402,112404,112405,112406,112407,112408,112409,112410,112411,112412,112413,112414,112415,112416,112417,112418,112419,112420,112421,112422,112423,112424,112425,112426,112427,112428,112429,112430,112431,112432,112433,112434,112435,112436,112437,112438,112439,112440,112441,112442,112443,112444,112445,112446,112447,112448,112449,112450,112451,112452,112453,112454,112455,112456,112457,112458,112459,112460,112461,112462,112463,112464,112465,112466,112467,112468,112469,112470,112471,112472,112473,112476,112477,112478,112479,112510,112511,112512,112513,112515,112516,112517,112518,112522,112523,112525,112526,112528,112529,112530,112531,112533,112534,112536,112537,112545,112546,112556,112557,112568,112569,112579,112580,112590,112591,112599,112600,112608,112609,112617,112618,112626,112627,112647,112648,112655,112656,112668,112669,112691,112692,112712,112713,112737,112738,112739,112740,112741,112742,112743,112744,112745,112746,112747,112748,112749,112750,112751,112752,112753,112754,112755,112756,112757,112758,112759,112760,112761,112762,112763,112764,112766,112767,112768,112769,112770,112771,112772,112773,112774,112775,112776,112777,112778,112779,112780,112781,112782,112783,112784,112785,112786,112787,112788,112789,112790,112791,112793,112794,112795,112796,112797,112798,112799,112800,112801,112802,112803,112804,112805,112806,112807,112808,112809,112810,112811,112812,112813,112814,112815,112816,112817,112818,112819,112820,112821,112822,112823,112824,112825,112826,112827,112828,112829,112830,112831,112832,112833,112834,112835,112836,112837,112838,112839,112840,112841,112842,112843,112844,112845,112846,112847,112848,112849,112850,112851,112852,112853,112854,112855,112856,112857,112858,112859,112860,112861,112862,112863,112864,112865,112866,112867,112868,112869,112870,112871,112872,112873,112874,112875,112876,112877,112878,112879,112880,112881,112882,112883,112884,112885,112886,112887,112888,112889,112890,112891,112892,112893,112894,112895,112896,112897,112898,112899,112900,112901,112902,112903,112904,112905,112906,112907,112908,112909,112910,112911,112912,112913,112914,112915,112916,112917,112918,112919,112920,112921,112922,112923,112924,112925,112926,112927,112928,112929,112930,112931,112932,112933,112934,112935,112936,112937,112938
zero 934,112939,112940,112941,112942,112943,112944,112945,112946,112947,112948,112949,112950,112951,112952,112953,112954,112955,112956,112957,112958,112959,112960,112961,112962,112963,112964,112965,112966,112967,112968,112970,112971,112972,112973,112974,112975,112976,112977,112978,112979,112980,112981,112982,112983,112984,112985,112986,112987,112988,112989,112990,112991,112992,112993,112996,112997,112998,112999,113000,113001,113002,113003,113004,113005,113006,113007,113010,113011,113049,113050,113051,113052,113053,113054,113514,113515,113516,113517,113521,113522,113523,113524,113525,113526,113527,113528,113529,113530,113531,113532,113534,113535,113537,113538,113540,113541,113543,113544,113545,113546,113548,113549,113551,113552,113554,113555,113556,113557,113559,113560,113562,113563,113565,113566,113568,113569,113571,113572,113574,113575,113577,113578,113580,113581,113583,113584,113586,113587,113589,113590,113592,113593,113596,113597,113599,113600,113602,113603,113605,113606,113608,113609,113611,113612,113613,113614,113615,113616,113618,113619,113621,113622,113624,113625,113628,113629,113632,113633,113635,113636,113638,113639,113641,113642,113644,113645,113647,113648,113650,113651,113653,113654,113656,113657,113659,113660,113663,113664,113666,113667,113669,113670,113672,113673,113675,113676,113678,113679,113681,113682,113684,113685,113687,113688,113690,113691,113693,113694,113696,113697,113699,113700,113701,113702,113704,113705,113707,113708,113710,113711,113713,113714,113716,113717,113718,113719,113721,113722,113724,113725,113727,113728,113730,113731,113733,113734,113736,113737,113739,113740,113741,113742,113744,113745,113747,113748,113750,113751,113753,113754,113756,113757,113759,113760,113761,113762,113764,113765,113767,113768,113770,113771,113773,113774,113776,113777,113779,113780,113782,113783,113785,113786,113788,113789,113790,113791,113793,113794,113796,113797,113799,113800,113802,113803,113804,113805,113807,113808,113810,113811,113813,113814,113816,113817,113819,113820,113822,113823,113825,113826,113828,113829,113831,113832,113835,113836,113838,113839,113841,113842,113844,113845,113847,113848,113850,113851,113852,113853,113855,113856,113858,113859,113861,113862,113864,113865,113867,113868,113869,113870,113872,113873,113875,113876,113878,113879,113881,113882,113884,113885,113887,113888,113889,113890,113892,113893,113895,113896,113898,113899,113901,113902,113904,113905,113907,113908,113909,113910,113912,113913,113915,113916,113918,113919,113921,113922,113923,113924,113926,113927,113928,113929,113931,113932,113934,113935,113937,113938,113940,113941,113942,113943,113945,113946,113948,113949,113951,113952,113954,113955,113957,113958,113960,113961,113963,113964,113966,113967,113969,113970,113972,113973,113974,113975,113977,113978,113980,113981,113983,113984,113986,113987,113989,113990,113992,113993,113995,113996,113998,113999,114001,114002,114004,114005,114007,114008,114010,114011,114012,114013,114017,114018,114019,114020,114021,114022,114070,114071,114073,114074,114076,114077,114078,114079,114081,114082,114084,114085,114086,114087,114088,114089,114090,114091,114092,114093,114108,114109,114123,114124,114125,114126,114127,114128,114129,114130,114131,114132,114133,114134,114135,114136,114137,114138,114139,114140,114141,114142,114143,114144,114145,114146,114147,114148,114149,114150,114151,114152,114153,114154,114155,114156,114157,114158,114159,114160,114161,114162,114163,114164,114165,114166,114167,114168,114169,114170,114171,114172,114173,114174,114175,114176,114177,114178,114179,114180,114181,114182,114183,114184,114185,114186,114187,114188,114189,114190,114191,114192,114193,114194,114195,114196,114197,114198,114199,114200,114201,114202,114203,114204,114205,114206,114207,114208,114209,114210,114211,114212,114213,114214,114215,114216,114217,114218,114219,114220,114221,114222,114223,114224,114225,114226,114227,114228,114229,114230,114231,114232,114233,114234,114236,114237,114238,114239,114240,114241,114242,114243,114244,114245,114246,114247,114248,114249,114250,114251,114255,114256,114257,114258,114260,114261,114263,114264,114266,114267,114277,114278,114293,114294,114311,114312,114341,114342,114371,114372,114399,114400,115845,115846,115875,115876,115905,115906,115935,115936,115965,115966,115970,115971,115975,115976,115984,115985,116018,116019,116023,116024,116049,116050,116075,116076,116102,116103,116130,116131,116133,116134,116136,116137,120697,120698,120710,120711,120717,120718,120724,120725,120734,120735,120741,120742,120775,120776,120810,120811,120841,120842,120873,120874,120910,120911,120946,120947,120952,120953,120958,120959,120963,120964,120993,120994,121024,121025,121053,121054,121083,121084,121092,121093,121101,121102,121110,121111,121119,121120,121122,121123,121128,121129,121134,121135,121145,121146,121166,121167,121188,121189,121209,121210,121230,121231,121233,121234,121243,121244,121253,121254,121263,121264,121274,121275,121283,121284,121292,121293,121301,121302,121310,121311,121336,121337,121340,121341,121343,121344,121358,121359,121373,121374,121388,121389,121403,121404,121408,121409,121413,121414,121442,121443,121470,121471,121498,121499,121525,121526,121552,121553,121558,121559,121563,121564,121566,121567,121588,121589,121610,121611,121631,121632,121652,121653,121655,121656,121661,121662,121700,121701,121741,121742,121745,121746,121750,121751,121822,121823,121827,121828,121840,121841,121843,121844,121847,121848,121860,121861,121865,121866,121875,121876,121885,121886,121895,121896,121905,121906,121933,121934,121962,121963,121991,121992,122020,122021,122025,122026,122030,122031,122036,122037,122043,122044,122049,122050,122056,122057,122149,122150,122249,122250,122254,122255,122271,122272,122303,122304,122365,122366,122431,122432,122493,122494,122555,122556,122631,122632,122713,122714,122789,122790,122871,122872,122953,122954,123030,123031,123113,123114,123189,123190,123271,123272,123347,123348,123423,123424,123504,123505,123579,123580,123661,123662,123743,123744,123819,123820,123902,123903,123978,123979,123980,123981,123983,123984,123990,123991,123999,124000,124020,124021,124026,124027,124028,124029,124030,124031,124056,124057,124424,124425,124482,124483,124900,124901,124904,124905,124926,124927,124970,124971,125142,125143,125146,125147,125162,125163,125447,125448,127164,127165,127221,127222,127556,127557,129047,129048,129060,129061,129130,129131,129174,129175,129384,129385,129418,129419,129673,129674,129810,129811,130982,130983,130985,130986,130997,130998,131005,131006,131070,131072,131074,131586,134686,134732
zero 6,134732,135198,163328,163840,163842,163888
zero 24,163888,164081,164083,164595,196529,196530,196532,196533,196545,196546,196548,196549,196550,196551,196557,196558,196563,196564,196605,196606,196607,196608,196610,196920
zero 264,196920,197122,205385,205386,208640,208641,208783,208784,208822,208823,208852,208853,208867,208868,208872,208873,208878,208879,208886,208887,208897,208898,208919,208920,208990,208991,209000,209001,209032,209033,209050,209051,209056,209057,209062,209063,209094,209095,209122,209123,209128,209129,209190,209191,209203,209204,209209,209210,209221,209222,209229,209230,209235,209236,209268,209269,209284,209285,209288,209289,209292,209293,209306,209307,209321,209322,209324,209325,211886,211887,211889,211890,211892,211893,211896,211897,211904,211905,211971,211972,211974,211975,212774,212775,215551,215552,215562,215563,215570,215571,215576,215577,215627,215628,215644,215645,215662,215663,215715,215716,215723,215724,215728,215729,215732,215733,215753,215754,215758,215759,215814,215815,215839,215840,215842,215843,215846,215847,215867,215868,215975,215976,215978,215979,215986,215987,215990,215991,215994,215995,216001,216002,216034,216035,216042,216043,216046,216047,216075,216076,216259,216260,216269,216270,216272,216273,216277,216278,216304,216305,216306,216307,216320,216321,216326,216327,216396,216397,216398,216399,216442,216443,216489,216490,216538,216539,216550,216551,216552,216553,216669,216670,216744,216745,216750,216751,216754,216755,216964,216965,216989,216990,217069,217070,217074,217075,217078,217079,217083,217084,217089,217090,217093,217094,217361,217362,217394,217395,217402,217403,217407,217408,217412,217413,217417,217418,217427,217428,217437,217438,217495,217496,217575,217576,217588,217589,217645,217646,217686,217687,217712,217713,217722,217723,217726,217727,217731,217732,217735,217736,217741,217742,217855,217856,217859,217860,217864,217865,217868,217869,217970,217971,217990,217991,218154,218155,218197,218198,218202,218203,218520,218521,218563,218564,218613,218614,219031,219032,219034,219035,219073,219585,228864,229045
zero 6,229045,229376,229378,229617,229619,230073
zero 400,230073,230131,232546,232547,239015,239016,239795,239796,240146,240147,240153,240154,240162,240163,240191,240192,240196,240197,240202,240203,240207,240208,240212,240213,240217,240218,240397,240398,240402,240403,240899,240900,240919,240920,240946,240947,240952,240953,241008,241009,241018,241019,241036,241037,241054,241055,243964,243965,243978,243979,243994,243995,244003,244004,244019,244020,244035,244036,244057,244058,244097,244098,244162,244163,244226,244227,244241,244242,244247,244248,244253,244254,244259,244260,244271,244272,244388,244389,244428,244429,244652,244653,244711,244712,244773,244774,244780,244781,244802,244803,245049,245050,245091,245092,245143,245144,245150,245151,249212,249213,249353,249354,249588,249589,249666,249667,249731,249732,249838,249839,250837,250838,251156,251157,251844,251845,253284,253285,253294,253295,253303,253304,253312,253313,253394,253395,253418,253419,253436,253437,253576,253577,253595,253596,253629,253630,253636,253637,253643,253644,253652,253653,253668,253669,253694,253695,253706,253707,253819,253820,253875,253876,253882,253883,253974,253975,254170,254171,254427,254428,254463,254464,254605,254606,254797,254798,254804,254805,254843,254844,254867,254868,254928,254929,257409,257410,257420,257421,257428,257429,257456,257457,257630,257631,257637,257638,257843,257844,257931,257932,258024,258025,258325,258326,258413,258414,258418,258419,258429,258430,258609,258610,258664,258665,258690,258691,258697,258698,258702,258703,258841,258842,258869,258870,258879,258880,258886,258887,258946,258947,258989,258990,259013,259014,259049,259050,259055,259056,259071,259072,259080,259081,259192,259193,259200,259201,259208,259209,259227,259228,259233,259234,259245,259246,259346,259347,259351,259352,259360,259361,259438,259439,259443,259444,259570,259571,259962,259963,260239,260240,260248,260249,260266,260267,260301,260302,260369,260370,260384,260385,260399,260400,260442,260443,260471,260472,260476,260477,260487,260488,260497,260498,260509,260510,260514,260515,260566,260567,260571,260572,260576,260577,260637,260638,260649,260650,260684,260685,260698,260699,260704,260705,260728,260729,260741,260742,260777,260778,260782,260783,260788,260789,260805,260806,260818,260819,260843,260844,260877,260878,260887,260888,261088,261089,261173,261174,261181,261182,261198,261199,261206,261207,261215,261216,261235,261236,261384,261385,261396,261397,261405,261406,261410,261411,261436,261437,261452,261453,261479,261480,261487,261488,261519,261520,261548,261549,261568,261569,261893,261894,261896,261897,261921,261922,261927,261928,261936,261937,261946,261947,261957,261958,261963,261964,261971,261972,261980,261981,261985,261986,262006,262007,262052,262053,262066,262067,262123,262124,262128,262129,262135,262136,262140,262141,262142,262144,262146,262658,294400,294656
zero 40,294656,294912,294914,295153,295155,295667,296876,296877,296898,296899,298066,298067,298077,298078,298114,298115,298152,298153,298160,298161,298166,298167,298338,298339,298367,298368,298373,298374,298382,298383,298388,298389,298402,298403,298417,298418,298433,298434,298438,298439
zero 752,298455,298456,298467,298468,298480,298481,298502,298503,298508,298509,298515,298516,298530,298531,298544,298545,298577,298578,298625,298626,298633,298634,298652,298653,298679,298680,298685,298686,298690,298691,299633,299634,299640,299641,299668,299669,299674,299675,299761,299762,299773,299774,299790,299791,299808,299809,299816,299817,299941,299942,299981,299982,300359,300360,300376,300377,300386,300387,300391,300392,300427,300428,300432,300433,300473,300474,300525,300526,300602,300603,300686,300687,300718,300719,300739,300740,300775,300776,300862,300863,300948,300949,300984,300985,300992,300993,301002,301003,301124,301125,301146,301147,301179,301180,301210,301211,301252,301253,301262,301263,301270,301271,301279,301280,301380,301381,301504,301505,301554,301555,301561,301562,301567,301568,301574,301575,301655,301656,301660,301661,301666,301667,301671,301672,301681,301682,301690,301691,301698,301699,301705,301706,301718,301719,301725,301726,301785,301786,301809,301810,301832,301833,301839,301840,301865,301866,302045,302046,302077,302078,302101,302102,302125,302126,302327,302328,302333,302334,302339,302340,302400,302401,302449,302450,302456,302457,302645,302646,302670,302671,302674,302675,302680,302681,302686,302687,302689,302690,302692,302693,302696,302697,302709,302710,302721,302722,302726,302727,302732,302733,302740,302741,302751,302752,302815,302816,302823,302824,302842,302843,302848,302849,302853,302854,302859,302860,302871,302872,302878,302879,302884,302885,302895,302896,302901,302902,302904,302905,302906,302907,302908,302909,302910,302911,302930,302931,302932,302933,302941,302942,302945,302946,303011,303012,303021,303022,303028,303029,303062,303063,303070,303071,303114,303115,303126,303127,303135,303136,303140,303141,303149,303150,303185,303186,303224,303225,303227,303228,303231,303232,303234,303235,303238,303239,303241,303242,303389,303390,303392,303393,303926,303927,303961,303962,303966,303967,304048,304049,304059,304060,304082,304083,304105,304106,308619,308620,308635,308636,308652,308653,308661,308662,308678,308679,308695,308696,308718,308719,308761,308762,308833,308834,308903,308904,308918,308919,308922,308923,308926,308927,308931,308932,308944,308945,309136,309137,309190,309191,309512,309513,309592,309593,309674,309675,309680,309681,309708,309709,310124,310125,310181,310182,310250,310251,310257,310258,310262,310263,311245,311246,311280,311281,313121,313122,313128,313129,313138,313139,313251,313252,313282,313283,313304,313305,313529,313530,313555,313556,313588,313589,313594,313595,313601,313602,313611,313612,313629,313630,313633,313634,313646,313647,313782,313783,313861,313862,313867,313868,313992,313993,314260,314261,314593,314594,314818,314819,315065,315066,315072,315073,315141,315142,315174,315175,315260,315261,315271,315272,315509,315510,315790,315791,315885,315886,315985,315986,316298,316299,316303,316304,316307,316308,316342,316343,316347,316348,316635,316636,316639,316640,316717,316718,316748,316749,316752,316753,316758,316759,316761,316762,316955,316956,316995,316996,317007,317008,317013,317014,317078,317079,317091,317092,317149,317150,317189,317190,317202,317203,317207,317208,317216,317217,317223,317224,317234,317235,317239,317240,317299,317300,317320,317321,317327,317328,317333,317334,317380,317381,317384,317385,317402,317403,317462,317463,317499,317500,317553,317554,317563,317564,317678,317679,317734,317735,317741,317742,317748,317749,317777,317778,317781,317782,317794,317795,317941,317942,317945,317946,317954,317955,318040,318041,318045,318046,318048,318049,318237,318238,318794,318795,319176,319177,319186,319187,319208,319209,319253,319254,319345,319346,319363,319364,319373,319374,319393,319394,319455,319456,319498,319499,319771,319772,319786,319787,319790,319791,319794,319795,319853,319854,319856,319857,319875,319876,319878,319879,319937,319938,319949,319950,319996,319997,320014,320015,320019,320020,320050,320051,320084,320085,320099,320100,320106,320107,320149,320150,320152,320153,320155,320156,320173,320174,320178,320179,320193,320194,320231,320232,320287,320288,320297,320298,320599,320600,320723,320724,320746,320747,320771,320772,320970,320971,320982,320983,320991,320992,320995,320996,321032,321033,321064,321065,321073,321074,321107,321108,321112,321113,321122,321123,321134,321135,321147,321148,321225,321226,321230,321231,321243,321244,321266,321267,321273,321274,321281,321282,321285,321286,321292,321293,321322,321323,321396,321397,321460,321461,321473,321474,321551,321552,323621,323622,323625,323626,323630,323631,323659,323660,323670,323671,324910,324911,324922,324923,324971,324972,325024,325025,325027,325028,325034,325035,325038,325039,325042,325043,325285,325286,325322,325323,325326,325327,325333,325334,325349,325350,325368,325369,325390,325391,325394,325395,325414,325415,325426,325427,325457,325458,325461,325462,325467,325468,325486,325487,325503,325504,325552,325553,325613,325614,325620,325621,325644,325645,325680,325681,325685,325686,325688,325689,327100,327101,327107,327108,327143,327144,327149,327150,327240,327241,327254,327255,327276,327277,327297,327298,327306,327307,327312,327313,327565,327566,327625,327626,327643,327644,327653,327654,327656,327657,327660,327661,327667,327668,327675,327676,327678,327680,327682,328194,359936,360073
zero 6,360073,360448,360450,360962,392704,392841
zero 6,392841,393216,393218,393730,425472,425609
zero 6,425609,425984,425986,426498,458240,458377
zero 6,458377,458752,458754,459266,491008,491145
zero 6,491145,491520,491522,492034,523776,523913
zero 6,523913,524288,524290,524802,556544,556681
zero 6,556681,557056,557058,557570,589312,589449
zero 6,589449,589824,589826,590338,622080,622217
zero 6,622217,622592,622594,623106,654848,654985
zero 6,654985,655360,655362,655874,687616,687753
zero 6,687753,688128,688130,688642,720384,720521
zero 6,720521,720896,720898,721410,753152,753289
zero 6,753289,753664,753666,754178,785920,786057
zero 6,786057,786432,786434,786946,818688,818825
zero 6,818825,819200,819202,819441,819443,819853
zero 844,819853,819955,820101,820102,820615,820616,820661,820662,820708,820709,820774,820775,820891,820892,821018,821019,821059,821060,821087,821088,821125,821126,821233,821234,821336,821337,821372,821373,821384,821385,821530,821531,821551,821552,821586,821587,821623,821624,821670,821671,821677,821678,821685,821686,821786,821787,821899,821900,821959,821960,821965,821966,821969,821970,821974,821975,822097,822098,822101,822102,822106,822107,822118,822119,822125,822126,822133,822134,822138,822139,822154,822155,822183,822184,822212,822213,822218,822219,822253,822254,822467,822468,822498,822499,822527,822528,822558,822559,822777,822778,822781,822782,822786,822787,822871,822872,822940,822941,822946,822947,823271,823272,823294,823295,823296,823297,823304,823305,823322,823323,823327,823328,823331,823332,823335,823336,823348,823349,823354,823355,823358,823359,823368,823369,823372,823373,823374,823375,823376,823377,823378,823379,823383,823384,823386,823387,823393,823394,823397,823398,823401,823402,823431,823432,823445,823446,823470,823471,823497,823498,823534,823535,823561,823562,823606,823607,823624,823625,823636,823637,823665,823666,823678,823679,823703,823704,823705,823706,823709,823710,823712,823713,823715,823716,823719,823720,823723,823724,823731,823732,823734,823735,823739,823740,823755,823756,823765,823766,823770,823771,823776,823777,823781,823782,823787,823788,823791,823792,823796,823797,823806,823807,823811,823812,823822,823823,823830,823831,823836,823837,823840,823841,823844,823845,823872,823873,823887,823888,823893,823894,823898,823899,823902,823903,823908,823909,823913,823914,823924,823925,823929,823930,823937,823938,823941,823942,823947,823948,823954,823955,823958,823959,823969,823970,823972,823973,823978,823979,823983,823984,823995,823996,824006,824007,824022,824023,824026,824027,824031,824032,824035,824036,824041,824042,824047,824048,824056,824057,824062,824063,824067,824068,824070,824071,824077,824078,824084,824085,824094,824095,824101,824102,824106,824107,824114,824115,824139,824140,824146,824147,824153,824154,824164,824165,824168,824169,824175,824176,824182,824183,824186,824187,824201,824202,824212,824213,824216,824217,824228,824229,824232,824233,824243,824244,824249,824250,824258,824259,824265,824266,824274,824275,824280,824281,824288,824289,824293,824294,824298,824299,824304,824305,824310,824311,824318,824319,824326,824327,824330,824331,824332,824333,824340,824341,824347,824348,824404,824405,824412,824413,824422,824423,824430,824431,824439,824440,824452,824453,824464,824465,824475,824476,824651,824652,824664,824665,824673,824674,824684,824685,824785,824786,824796,824797,824805,824806,824814,824815,824819,824820,824827,824828,824838,824839,824849,824850,824860,824861,824912,824913,824921,824922,825215,825216,825224,825225,825240,825241,825325,825326,825339,825340,825348,825349,825392,825393,825406,825407,825423,825424,825433,825434,825442,825443,825471,825472,825484,825485,825495,825496,825509,825510,825544,825545,825555,825556,825567,825568,825582,825583,825594,825595,825612,825613,825667,825668,825674,825675,825679,825680,825721,825722,825732,825733,825742,825743,825771,825772,825800,825801,825812,825813,825823,825824,825831,825832,825843,825844,825855,825856,825860,825861,825870,825871,825881,825882,825889,825890,826004,826005,826013,826014,826028,826029,826039,826040,826062,826063,826121,826122,826151,826152,826166,826167,826321,826322,826366,826367,826380,826381,826396,826397,826412,826413,826419,826420,826433,826434,826445,826446,826458,826459,826512,826513,826521,826522,826533,826534,826544,826545,826572,826573,826651,826652,826701,826702,826713,826714,826723,826724,826734,826735,826746,826747,826755,826756,826778,826779,826786,826787,826797,826798,826807,826808,826826,826827,826870,826871,826880,826881,826893,826894,827061,827062,827178,827179,827186,827187,827248,827249,827295,827296,827304,827305,827310,827311,827319,827320,827468,827469,827489,827490,827491,827492,827494,827495,827497,827498,827500,827501,827504,827505,827507,827508,827510,827511,827513,827514,827517,827518,827522,827523,827525,827526,827529,827530,827532,827533,827535,827536,827538,827539,827542,827543,827545,827546,827549,827550,827903,827904,827905,827906,827907,827908,828158,828159,828160,828161,828219,828220,828221,828222,828263,828264,828265,828266,828323,828324,828325,828326,828327,828328,828329,828330,829572,829573,829574,829575,829604,829605,829606,829607,829640,829641,829642,829643,829729,829730,829731,829732,829737,829738,829739,829740,829779,829780,829781,829782,830367,830368,830369,830370,832072,832073,832074,832075,832211,832212,832213,832214,832216,832217,832218,832219,832225,832226,832227,832228,832229,832230,832231,832232,834492,834493,834494,834495,834905,834906,834907,834908,835060,835061,835062,835063,835932,835933,835934,835935,835936,835937,835938,835939,836793,836794,836795,836796,836799,836800,836801,836802,836814,836815,836816,836817,836914,836915,836916,836917,836918,836919,836920,836921,836927,836928,836929,836930,838965,838966,838967,838968,838969,838970,838971,838972,839027,839028,839029,839030,839644,839645,839646,839647,839861,839862,839863,839864,839906,839907,839908,839909,839924,839925,839926,839927,839959,839960,839961,839962,839963,839964,839965,839966,839971,839972,839973,839974,841211,841212,841213,841214,841217,841218,841219,841220,841232,841233,841234,841235,841512,841513,841514,841515,848806,848807,848808,848809,848852,848853,848854,848855,848858,848859,848860,848861,848919,848920,848921,848922,850094,850095,850096,850097,850107,850108,850109,850110,851044,851045,851046,851047,851048,851049,851050,851051,851797,851798,851799,851800,851854,851855,851856,851857,851858,851859,851860,851861,851882,851883,851884,851885,851911,851912,851913,851914,851944,851945,851946,851947,851948,851949,851950,851951,851958,851959,851960,851961,851962,851963,851964,851965,851966,851968,851970,852471
zero 8,852471,852482,884224,884736,884738,884977,884979,885241
zero 1300,885241,885491,888400,888401,890225,890226,890629,890630,890942,890943,890974,890975,891121,891122,891501,891502,891503,891504,891505,891506,891507,891508,891509,891510,891666,891667,891775,891776,891919,891920,892021,892022,892212,892213,892372,892373,892436,892437,892585,892586,892790,892791,892885,892886,893040,893041,893103,893104,893105,893106,893107,893108,893109,893110,893111,893112,893113,893114,893115,893116,893125,893126,893127,893128,893130,893131,893132,893133,893160,893161,893162,893163,893189,893190,893191,893192,893219,893220,893221,893222,893234,893235,893236,893237,893245,893246,893247,893248,893252,893253,893254,893255,893261,893262,893263,893264,893265,893266,893267,893268,893270,893271,893272,893273,893282,893283,893284,893285,893286,893287,893288,893289,893290,893291,893292,893293,893294,893295,893296,893297,893375,893376,893377,893378,893379,893380,893381,893382,893383,893384,893385,893386,893387,893388,893389,893390,893392,893393,893394,893395,893396,893397,893398,893399,893435,893436,893437,893438,893474,893475,893476,893477,893478,893479,893480,893481,893482,893483,893484,893485,893486,893487,893489,893490,893492,893493,893494,893495,893496,893497,893498,893499,893500,893501,893502,893503,893504,893505,893506,893507,893508,893509,893510,893511,893512,893513,898966,898967,898968,898969,898970,898971,898972,898973,898974,898975,898976,898977,898978,898979,898980,898981,898985,898986,898989,898990,898994,898995,898996,898997,899001,899002,899006,899007,899008,899009,899011,899012,899013,899014,899017,899018,899019,899020,899021,899022,899023,899024,899025,899026,899027,899028,899029,899030,899031,899032,899033,899034,899035,899036,899037,899038,899039,899040,899041,899042,899043,899044,899045,899046,899047,899048,899049,899050,899051,899052,899053,899054,899055,899056,899057,899058,899059,899060,899061,899062,899063,899064,899065,899066,899067,899068,899069,899070,899071,899072,899073,899074,899075,899076,899077,899078,899079,899080,899081,899082,899083,899084,899085,899086,899087,899088,899089,899090,899091,899092,899093,899094,899095,899096,899097,899098,899102,899103,899108,899109,899110,899111,899112,899113,899114,899115,899116,899117,899118,899119,899120,899121,899122,899123,899141,899142,899145,899146,899156,899157,899170,899171,899262,899263,899267,899268,899346,899347,899358,899359,899377,899378,899379,899380,899381,899382,899383,899384,899385,899386,899388,899389,899392,899393,899394,899395,899397,899398,899405,899406,899407,899408,899409,899410,899412,899413,899414,899415,899423,899424,899429,899430,899439,899440,899442,899443,899445,899446,899448,899449,899453,899454,899459,899460,899462,899463,899464,899465,899469,899470,899471,899472,899474,899475,899477,899478,899488,899489,899490,899491,899492,899493,899494,899495,899500,899501,899518,899519,899522,899523,899524,899525,899648,899649,899650,899651,899652,899653,899654,899655,899728,899729,899730,899731,899732,899733,899734,899735,899756,899757,899758,899759,899762,899763,899809,899810,899846,899847,899864,899865,899898,899899,899954,899955,900962,900963,900964,900965,900967,900968,900969,900970,900971,900972,901055,901056,901057,901058,901064,901065,901066,901067,901079,901080,901090,901091,901100,901101,901119,901120,901157,901158,902261,902262,902270,902271,902283,902284,902304,902305,902348,902349,902400,902401,902720,902721,902828,902829,902892,902893,902894,902895,902905,902906,902911,902912,902925,902926,902933,902934,902950,902951,903676,903677,903687,903688,903698,903699,903729,903730,903919,903920,903928,903929,903933,903934,903964,903965,903982,903983,903998,903999,904014,904015,904029,904030,904045,904046,904061,904062,904092,904093,904111,904112,904142,904143,904178,904179,904194,904195,904214,904215,904223,904224,904231,904232,904281,904282,904286,904287,904875,904876,904881,904882,904886,904887,904907,904908,904912,904913,904919,904920,904926,904927,904933,904934,904940,904941,904947,904948,904954,904955,904962,904963,904971,904972,904982,904983,904990,904991,904995,904996,905017,905018,905023,905024,905029,905030,905035,905036,905041,905042,905047,905048,905053,905054,905087,905088,905094,905095,905103,905104,907458,907459,907906,907907,908005,908006,908010,908011,908029,908030,908034,908035,908208,908209,908378,908379,908553,908554,908615,908616,909024,909025,909042,909043,909055,909056,909061,909062,909076,909077,909093,909094,909110,909111,909127,909128,909144,909145,909161,909162,909178,909179,909196,909197,909209,909210,909222,909223,909235,909236,909248,909249,909261,909262,909274,909275,909287,909288,909300,909301,909313,909314,909328,909329,909343,909344,909358,909359,909373,909374,909388,909389,909394,909395,909409,909410,909424,909425,909441,909442,909458,909459,909475,909476,909492,909493,909509,909510,909526,909527,909543,909544,909561,909562,909574,909575,909587,909588,909600,909601,909613,909614,909626,909627,909639,909640,909652,909653,909665,909666,909678,909679,909693,909694,909708,909709,909723,909724,909738,909739,909753,909754,909759,909760,909774,909775,909789,909790,909806,909807,909823,909824,909841,909842,909854,909855,909867,909868,909880,909881,909893,909894,909906,909907,909919,909920,909932,909933,909949,909950,909966,909967,909981,909982,909998,909999,910013,910014,910030,910031,910045,910046,910062,910063,910077,910078,910083,910084,910098,910099,910113,910114,910128,910129,910145,910146,910162,910163,910180,910181,910193,910194,910206,910207,910219,910220,910232,910233,910245,910246,910258,910259,910271,910272,910288,910289,910305,910306,910320,910321,910337,910338,910352,910353,910369,910370,910384,910385,910401,910402,910416,910417,910422,910423,910437,910438,910452,910453,910467,910468,910484,910485,910501,910502,910519,910520,910532,910533,910545,910546,910558,910559,910571,910572,910584,910585,910597,910598,910610,910611,910627,910628,910644,910645,910659,910660,910676,910677,910691,910692,910708,910709,910723,910724,910740,910741,910755,910756,910761,910762,910776,910777,910791,910792,910806,910807,910823,910824,910840,910841,910858,910859,910871,910872,910884,910885,910897,910898,910910,910911,910923,910924,910936,910937,910949,910950,910966,910967,910981,910982,910998,910999,911013,911014,911030,911031,911045,911046,911062,911063,911077,911078,911094,911095,911109,911110,911115,911116,911130,911131,911145,911146,911162,911163,911179,911180,911197,911198,911210,911211,911223,911224,911236,911237,911249,911250,911262,911263,911275,911276,911288,911289,911305,911306,911320,911321,911337,911338,911352,911353,911369,911370,911384,911385,911401,911402,911416,911417,911433,911434,911448,911449,911454,911455,911469,911470,911484,911485,911501,911502,911518,911519,911536,911537,911549,911550,911562,911563,911575,911576,911588,911589,911601,911602,911614,911615,911627,911628,911644,911645,911659,911660,911676,911677,911691,911692,911708,911709,911723,911724,911740,911741,911755,911756,911772,911773,911787,911788,911793,911794,911808,911809,911823,911824,911840,911841,911857,911858,911875,911876,911888,911889,911901,911902,911914,911915,911927,911928,911940,911941,911953,911954,911966,911967,911983,911984,911998,911999,912015,912016,912030,912031,912047,912048,912062,912063,912079,912080,912094,912095,912111,912112,912126,912127,912132,912133,912147,912148,912162,912163,912179,912180,912196,912197,912214,912215,912227,912228,912240,912241,912253,912254,912266,912267,912279,912280,912292,912293,912305,912306,912322,912323,912337,912338,912354,912355,912369,912370,912386,912387,912401,912402,912418,912419,912433,912434,912450,912451,912465,912466,912471,912472,912486,912487,912501,912502,912518,912519,912535,912536,912552,912553,912569,912570,912586,912587,912603,912604,912620,912621,912638,912639,912651,912652,912664,912665,912677,912678,912690,912691,912703,912704,912716,912717,912729,912730,912742,912743,912755,912756,912770,912771,912785,912786,912800,912801,912815,912816,912830,912831,912836,912837,912851,912852,912866,912867,912883,912884,912900,912901,913011,913012,913075,913076,913080,913081,913094,913095,913100,913101,913128,913129,913164,913165,913179,913180,913189,913190,913234,913235,913267,913268,913278,913279,913294,913295,913408,913409,913429,913430,913500,913501,915171,915172,915191,915192,915207,915208,915218,915219,915224,915225,915288,915289,915343,915344,915367,915368,915423,915424,915437,915438,915443,915444,915450,915451,915528,915529,915537,915538,915546,915547,915556,915557,915562,915563,915568,915569,915577,915578,915587,915588,915609,915610,915666,915667,915688,915689,915767,915768,915794,915795,915800,915801,915862,915863,915984,915985,916014,916015,916090,916091,916123,916124,916130,916131,916137,916138,916156,916157,916291,916292,916565,916566,916580,916581,916685,916686,916730,916731,916740,916741,916750,916751,916756,916757,916900,916901,916909,916910,916918,916919,916923,916924,916928,916929,916936,916937,916943,916944,916951,916952,917257,917258,917298,917299,917442,917443,917452,917453,917463,917464,917472,917473,917480,917481,917488,917489,917501,917504,917506,917630
zero 6,917630,918018,949760,950272,950274,950398
zero 2,950398,950786
